   0, 16BF27,  1975671, J00182549+4401376,                 ,  0:18:28.71,  44:01:43.4, 1.170, 234, 2016-08-09, 15:01:37.44, 191, 155, 11.39, 2584, -,    nulle, M2,   -0.2553990,   11.1534503,   10.7920639,   28.3120000,    6.2490000,    1.1870000,    0.8736000,   -0.427, 3347.511,    0.333,    0.025,   10.690,    1.900,   -0.219,      NaN
   1, 16BF27,  1975899, J00182549+4401376,                 ,  0:18:28.71,  44:01:43.4, 1.203,  71, 2016-08-10, 15:15:47.53, 195, 156, 10.30, 2697, -,    nulle, M2,   -0.2480652,   11.1668170,   10.7376051,   26.2860000,    5.9050000,    1.1760000,    0.8608000,   -0.365, 3345.854,    0.316,    0.027,   10.690,    1.990,   -0.223,      NaN
   2, 16BF27,  2008625, J00182549+4401376,                 ,  0:18:28.75,  44:01:43.5, 1.199, 240, 2016-10-16,  7:09:43.90, 338, 266, 10.52, 2637, -,    nulle, M2,   -0.2413411,   11.1854639,   10.5980014,   16.6890000,    3.3010000,    1.3920000,    0.9865000,   -0.389, 3330.939,    0.253,    0.028,   10.790,    2.020,   -0.204,      NaN
   3, 14BF13,  1754283, J00294322+0112384,                 ,  0:29:43.21,   1:12:38.5, 1.055, 420, 2014-11-06,  7:56:51.40, 189, 150, 11.62, 3326, -, marginal, M2,   -0.3108629,  -31.5692923,    9.7454207,   32.0880000,    5.0650000,    1.4630000,    0.9949000,   -0.117, 3609.349,    0.578,    0.066,  -31.310,    2.730,   -0.468,      NaN
   4, 14BF13,  1738579, J00294322+0112384,                 ,  0:29:43.22,   1:12:38.5, 1.057, 420, 2014-09-05, 12:08:04.69, 168, 131, 11.83, 3363, -, definite, M2,   -0.3127528,  -31.5839425,    9.7087345,   38.3370000,    5.7730000,    1.8090000,    1.0000000,   -0.128, 3684.751,    0.663,    0.050,  -31.300,    2.720,   -0.460,      NaN
   5, 15BB07,  1830493,          Wolf1056,                 ,  0:39:00.86,  30:36:59.0, 1.043, 250, 2015-08-29, 11:36:45.97, 286, 228, 10.46, 3074, -, marginal, M2,   -0.2834027,   -0.3227418,    9.4588857,   22.8160000,    3.4570000,    1.5090000,    0.9968000,   -0.088, 3468.487,    0.518,    0.044,   -0.360,    1.650,   -0.321,      NaN
   6, 15BC21,  1844839,          Wolf1056,                 ,  0:39:00.88,  30:36:59.1, 1.023, 250, 2015-10-31,  8:47:45.82, 320, 258, 10.23, 3053, -,    nulle, M2,   -0.2821465,   -0.4109446,    9.3943751,   11.9670000,    3.0330000,    1.0250000,    0.6027000,   -0.072, 3476.773,    0.314,    0.058,   -0.340,    1.610,   -0.356,      NaN
   7, 15BC21,  1847806, J00570261+4505099,                 ,  0:57:03.47,  45:05:09.0, 1.380, 460, 2015-11-18,  4:39:49.58, 317, 248, 11.19, 2784, -, marginal, M2,   -0.2715159,    6.6724114,    9.5807339,   23.4310000,    3.4800000,    1.6680000,    0.9998000,   -0.039, 3337.568,    0.509,    0.029,    6.430,    1.750,   -0.258,      NaN
   8, 15BC21,  1850204, J00570261+4505099,                 ,  0:57:03.48,  45:05:09.1, 1.169, 460, 2015-12-02,  5:09:00.77, 318, 249, 11.19, 2789, -,    nulle, M2,   -0.2727918,    6.5768379,    9.4793123,   11.2960000,    3.5680000,    1.0730000,    0.6999000,   -0.052, 3374.855,    0.360,    0.037,    6.310,    1.710,   -0.256,      NaN
   9, 15BC21,  1830184, J00582789-2751251,                 ,  0:58:29.44, -27:51:29.8, 1.503, 300, 2015-08-27, 12:25:05.89, 255, 202, 11.17, 2789, -,    nulle, M2,   -0.2642402,   23.0141620,    9.0397775,   15.2230000,    4.3780000,    1.1240000,    0.7846000,   -0.003, 3316.853,    0.397,    0.041,   22.710,    1.900,   -0.265,      NaN
  10, 15BC21,  1834035, J00582789-2751251,                 ,  0:58:29.45, -27:51:29.8, 1.613, 300, 2015-09-19, 10:05:41.81, 216, 174, 11.50, 2800, -,    nulle, M2,   -0.2669837,   20.2086296,    9.1118501,   20.1440000,    5.3180000,    0.9830000,    0.5122000,    0.045, 3335.082,    0.294,    0.058,   19.980,    1.910,   -0.263,      NaN
  11, 14BF13,  1738746,          GL47    ,                 ,  1:01:20.07,  61:21:56.1, 1.351, 240, 2014-09-06, 13:03:23.42, 324, 257, 10.06, 3129, -, definite, M2,   -0.2778602,    7.5595505,    9.7755432,   21.8770000,    2.8430000,    2.1590000,    1.0000000,   -0.215, 3474.287,    0.657,    0.064,    7.440,    2.300,   -0.267,      NaN
  12, 14BF13,  1741308,          GL47    ,                 ,  1:01:20.07,  61:21:56.1, 1.342, 240, 2014-09-16, 12:07:17.54, 299, 242, 10.26, 3093, -,    nulle, M2,   -0.2819146,    7.6045632,    9.7821301,    7.2160000,    3.1520000,    0.6870000,    0.0387000,   -0.201, 3501.631,    0.525,    0.071,    7.480,    2.180,   -0.373,      NaN
  13, 14BB07,  1732896,          GL48    ,                 ,  1:02:32.22,  71:40:47.3, 1.848, 120, 2014-08-14, 11:06:14.82, 325, 266,  9.45, 2968, -,    nulle, M2,   -0.2763921,    1.5815577,    9.2636229,   10.1150000,    3.0450000,    0.8930000,    0.3189000,    0.069, 3439.486,    0.684,    0.061,    1.400,    1.950,   -0.345,      NaN
  14, 14BB07,  1737553,          GL48    ,                 ,  1:02:32.23,  71:40:47.3, 1.749, 120, 2014-09-03, 14:43:19.74, 368, 294,  9.13, 3031, -, definite, M2,   -0.2731207,    1.5497905,    9.1529935,   21.5130000,    2.6450000,    2.1260000,    1.0000000,    0.048, 3461.858,    0.615,    0.062,    1.270,    1.740,   -0.406,      NaN
  15, 16BC27,  2005502, J01123052-1659570,                 ,  1:12:31.87, -16:59:46.2, 2.163, 149, 2016-09-21,  8:06:50.24, 200, 157, 11.43, 2359, -, definite, M2,   -0.2322830,   28.1656788,   12.8270521,  146.4240000,    6.8690000,    5.2470000,    1.0000000,      NaN,      NaN,    0.043,    0.068,   27.970,    2.450,    5.236, ********
  16, 16BC27,  2007795, J01123052-1659570,                 ,  1:12:31.87, -16:59:46.1, 1.281, 136, 2016-10-12, 10:58:42.53, 203, 164, 11.37, 2361, -, marginal, M2,   -0.2378799,   28.3289941,   13.4023084,   37.8020000,    6.6520000,    1.5550000,    0.9993000,   -0.277, 3303.595,    0.147,    0.037,   27.920,    2.520,    0.602, ********
  17, 14BF13,  1739068,          GL70    ,                 ,  1:43:20.18,   4:19:18.0, 1.167, 240, 2014-09-07, 14:50:25.55, 320, 260, 10.12, 3100, -, definite, M2,   -0.2797056,  -25.9739943,    9.5651155,   18.0240000,    2.9300000,    1.7330000,    1.0000000,   -0.075, 3488.373,    0.601,    0.093,  -25.880,    2.370,   -0.332,      NaN
  18, 14BF13,  1754786,          GL70    ,                 ,  1:43:20.18,   4:19:18.0, 1.037, 240, 2014-11-07,  8:59:26.53, 222, 176, 10.91, 3101, -,    nulle, M2,   -0.2776374,  -25.9151309,    9.6482902,   19.3150000,    4.6120000,    1.1920000,    0.8788000,   -0.047, 3398.056,    0.415,    0.048,  -25.860,    2.610,   -0.308,      NaN
  19, 14BF13,  1754790,          GL70    ,                 ,  1:43:20.18,   4:19:18.0, 1.041, 240, 2014-11-07,  9:19:13.23, 223, 169, 10.91, 3099, -,    nulle, M2,   -0.2765590,  -25.9298652,    9.6860650,   18.3670000,    4.6980000,    1.1620000,    0.8439000,   -0.102, 3411.313,    0.372,    0.036,  -25.820,    2.610,   -0.310,      NaN
  20, 14BF13,  1754794,          GL70    ,                 ,  1:43:20.18,   4:19:18.0, 1.072, 240, 2014-11-07,  9:59:19.30, 251, 195, 10.66, 3094, -,    nulle, M2,   -0.2782969,  -25.9389549,    9.6038814,   18.1470000,    4.2030000,    1.1760000,    0.8606000,   -0.095, 3429.542,    0.376,    0.046,  -25.890,    2.490,   -0.299,      NaN
  21, 15BC21,  1845638, J01515108+6426060,                 ,  1:51:51.54,  64:26:03.0, 1.519, 350, 2015-11-04,  7:23:44.29, 283, 223, 10.90, 2960, -, definite, M2,   -0.3035554,  -12.7587073,    9.5372802,   24.5100000,    3.5780000,    1.9530000,    1.0000000,    0.121, 3533.117,    0.484,    0.046,  -12.660,    1.920,   -0.345,      NaN
  22, 15BC21,  1848357, J01515108+6426060,                 ,  1:51:51.95,  64:26:03.0, 1.639, 350, 2015-11-22,  5:26:00.46, 187, 143, 11.74, 2981, -, marginal, M2,   -0.3114022,  -12.8254048,    9.4436429,   39.6990000,    6.3490000,    1.4910000,    0.9958000,    0.107, 3616.806,    0.356,    0.049,  -12.860,    2.050,   -0.402,      NaN
  23, 14BF13,  1738750,          GJ3126  ,                 ,  2:01:35.32,  63:46:12.1, 1.391, 240, 2014-09-06, 13:32:23.77, 323, 260, 10.22, 2988, -, marginal, M2,   -0.2879493,  -84.0802865,    9.0898940,   14.7740000,    3.0560000,    1.4480000,    0.9924000,    0.157, 3417.113,    0.495,    0.043,  -83.940,    2.340,   -0.328,      NaN
  24, 14BF13,  1741312,          GJ3126  ,                 ,  2:01:35.34,  63:46:12.1, 1.392, 240, 2014-09-16, 12:29:13.81, 319, 253, 10.25, 2980, -,    nulle, M2,   -0.2904759,  -84.0328760,    9.0501751,   12.6390000,    3.1230000,    1.0980000,    0.7462000,    0.164, 3432.857,    0.456,    0.048,  -83.890,    2.310,   -0.350,      NaN
  25, 14BC27,  1739421, J02441245-1321387,                 ,  2:44:12.45, -13:21:38.7, 1.194, 300, 2014-09-08, 13:50:51.03,  77,  59, 13.22, 3093, -,    nulle, M2,   -0.1950158,    6.8745437,   17.5209972,   67.0510000,   16.7310000,    1.0250000,    0.6036000,   -0.066, 2850.351,   -0.018,    0.010,    6.090,    7.430,   -0.345,      NaN
  26, 14BC27,  1739425, J02441245-1321387,                 ,  2:44:12.45, -13:21:38.7, 1.198, 300, 2014-09-08, 14:15:47.31,  96,  76, 12.86, 3038, -,    nulle, M2,   -0.1988074,    6.9062261,   16.7770903,   42.7860000,   12.9270000,    0.9330000,    0.3727000,    0.004, 2798.149,   -0.016,    0.011,    6.200,    4.570,   -0.350,      NaN
  27, 14BC27,  1739429, J02441245-1321387,                 ,  2:44:12.45, -13:21:38.7, 1.218, 300, 2014-09-08, 14:40:28.16, 110,  88, 12.59, 3057, -,    nulle, M2,   -0.1969550,    6.8400873,   16.3403910,   42.2160000,   10.5720000,    1.0810000,    0.7250000,   -0.052, 2792.349,   -0.021,    0.010,    5.880,    5.650,   -0.322,      NaN
  28, 14BC27,  1754287, J02441245-1321387,                 ,  2:44:12.45, -13:21:38.7, 1.313, 300, 2014-11-06,  8:30:45.02, 135, 106, 12.23, 3025, -, marginal, M2,   -0.1849628,    7.4778976,   17.0261933,   49.8340000,    8.5940000,    1.5810000,    0.9998000,    0.001, 2861.123,   -0.010,    0.010,    7.300,    3.500,   -0.363,      NaN
  29, 14BB07,  1732900,          GL109   ,                 ,  2:44:15.51,  25:31:24.1, 1.899, 150, 2014-08-14, 11:22:13.78, 263, 215, 10.16, 2945, -, marginal, M2,   -0.2737400,   30.6630574,    9.4111739,   26.5370000,    3.9450000,    1.6420000,    0.9996000,   -0.081, 3383.969,    0.331,    0.038,   30.440,    1.920,   -0.310,      NaN
  30, 14BB07,  1737557,          GL109   ,                 ,  2:44:15.51,  25:31:24.1, 1.018, 150, 2014-09-03, 14:56:47.70, 327, 256,  9.74, 2964, -,    nulle, M2,   -0.2697726,   30.6192374,    9.3731598,    9.7800000,    3.0360000,    1.0410000,    0.6355000,   -0.080, 3389.770,    0.544,    0.052,   30.380,    1.960,   -0.296,      NaN
  31, 15BC21,  1848361, J03143273+5926160,                 ,  3:14:33.12,  59:26:13.5, 1.764, 680, 2015-11-22,  5:54:33.97, 250, 193, 11.96, 2891, -,    nulle, M2,   -0.2962324,   19.6107331,    9.4532984,   19.6080000,    4.5140000,    1.1370000,    0.8028000,    0.074, 3444.457,    0.437,    0.027,   19.430,    1.920,   -0.325,      NaN
  32, 15BC21,  1883851, J03143273+5926160,                 ,  3:14:33.12,  59:26:13.5, 1.352, 680, 2016-01-16,  7:18:56.54, 263, 209, 11.86, 2906, -,    nulle, M2,   -0.2889670,   19.6877051,    9.5620162,   16.3080000,    4.0890000,    1.0450000,    0.6430000,    0.077, 3444.457,    0.656,    0.026,   19.430,    1.970,   -0.312,      NaN
  33, 15BC21,  1830188, J03531041+6234081,                 ,  3:53:10.64,  62:34:04.1, 1.653, 460, 2015-08-27, 12:52:58.18, 331, 267, 10.86, 2982, -,    nulle, M2,   -0.2654431, -119.9785517,    9.6246918,   11.0810000,    3.1220000,    1.1540000,    0.8325000,   -0.228, 3461.858,    0.330,    0.049, -119.660,    2.140,   -0.311,      NaN
  34, 15BC21,  1834083, J03531041+6234081,                 ,  3:53:10.64,  62:34:03.9, 1.472, 460, 2015-09-19, 12:27:36.06, 280, 224, 11.23, 2970, -,    nulle, M2,   -0.2682439, -120.0499563,    9.5259098,   13.6450000,    3.6690000,    1.1000000,    0.7487000,   -0.235, 3449.429,    0.382,    0.066, -119.740,    2.160,   -0.321,      NaN
  35, 16AF25,  1895262, J04311147+5858375,                 ,  4:31:13.06,  58:58:04.5, 1.363, 240, 2016-02-19,  6:35:47.71, 306, 237, 11.03, 2432, -, definite, M2,   -0.2620709,   29.0180814,    8.7905690,   34.7180000,    4.2910000,    2.0910000,    1.0000000,    0.141, 3086.502,    0.436,    0.036,   28.790,    1.910,   -0.201,      NaN
  36, 16AF25,  1916018, J04311147+5858375,                 ,  4:31:13.08,  58:58:04.2, 1.751,  98, 2016-03-28,  6:08:55.18, 223, 179, 10.69, 2418, -,    nulle, M2,   -0.2715814,   29.1134992,    9.0730053,   20.2870000,    5.7580000,    0.9920000,    0.5304000,    0.077, 3202.506,    0.321,    0.026,   28.810,    1.980,   -0.174,      NaN
  37, 15BC21,  1830192, J04425586+2128230,                 ,  4:42:56.10,  21:28:24.9, 1.422, 570, 2015-08-27, 13:29:33.14, 329, 258, 11.31, 2828, -, marginal, M2,   -0.2743475,    3.2672599,    9.2770107,   22.9340000,    3.3380000,    1.5240000,    0.9974000,    0.107, 3359.111,    0.416,    0.053,    3.070,    2.030,   -0.196,      NaN
  38, 15BC21,  1834091, J04425586+2128230,                 ,  4:42:56.10,  21:28:24.9, 1.089, 570, 2015-09-19, 13:33:27.72, 295, 228, 11.52, 2846, -, definite, M2,   -0.2736008,    3.1874271,    9.2373583,   34.0270000,    3.6500000,    2.5770000,    1.0000000,    0.059, 3331.768,    0.535,    0.058,    2.890,    2.040,   -0.037,      NaN
  39, 15BB07,  1830497,          HD285190,                 ,  5:03:16.39,  21:23:54.0, 2.389, 220, 2015-08-29, 12:15:08.53, 270, 216, 10.33, 3093, -,    nulle, M2,   -0.1138457,   47.6379321,   37.2384832,   18.5720000,    3.8310000,    1.2900000,    0.9849000,    0.000,  957.000,   -0.001,    0.009,   46.600,   22.600,   -0.013,      NaN
  40, 15BC21,  1844847,          HD285190,                 ,  5:03:16.39,  21:23:54.0, 1.231, 220, 2015-10-31, 10:15:46.93, 302, 237, 10.21, 3050, -,    nulle, M2,   -0.1567064,   64.6423848,   10.1062892,   17.4670000,    3.2860000,    1.1780000,    0.9337000,   -0.127, 2199.900,    0.392,    0.026,   46.810,   17.800,    0.055,      NaN
  41, 15BC21,  1830196, J05032009-1722245,                 ,  5:03:20.53, -17:22:31.6, 1.784, 360, 2015-08-27, 14:13:42.80, 288, 229, 11.03, 2858, -,    nulle, M2,   -0.2596987,   15.5869821,    9.6970399,   16.2710000,    3.7460000,    0.9820000,    0.5069000,   -0.179, 3364.912,    0.477,    0.034,   15.180,    2.030,   -0.253,      NaN
  42, 15BC21,  1834649, J05032009-1722245,                 ,  5:03:20.53, -17:22:31.6, 1.256, 360, 2015-09-23, 15:10:53.60, 231, 183, 11.51, 2855, -, definite, M2,   -0.2620805,   15.5501784,    9.7265464,   36.1660000,    4.8150000,    1.7950000,    1.0000000,   -0.161, 3325.139,    0.328,    0.038,   15.300,    2.040,   -0.253,      NaN
  43, 14BC27,  1754803, J05124223+1939566,                 ,  5:12:42.23,  19:39:56.5, 1.047, 360, 2014-11-07, 11:15:58.06, 380, 304, 10.16, 3138, -, marginal, M2,   -0.2926062,  -25.1267342,    9.3962096,   12.8300000,    2.3960000,    1.6030000,    0.9992000,   -0.092, 3535.603,    0.535,    0.056,  -25.010,    2.240,   -0.403,      NaN
  44, 15AF04,  1791999, J05124223+1939566,                 ,  5:12:42.51,  19:40:00.1, 1.113, 360, 2015-03-28,  5:05:20.77, 403, 326, 10.16, 3013, -,    nulle, M2,   -0.2972736,  -24.9781258,    9.4920670,    5.8420000,    2.4000000,    0.7400000,    0.0854000,   -0.099, 3548.032,    0.493,    0.046,  -24.790,    2.410,   -0.387,      NaN
  45, 15BC21,  1845658, J05280015+0938382,                 ,  5:28:00.14,   9:38:26.3, 1.257, 710, 2015-11-04, 10:28:38.49, 271, 206, 12.13, 2678, -,    nulle, M2,   -0.2502284,   60.7632607,   10.0252356,   19.6870000,    4.4950000,    1.1970000,    0.8845000,   -0.236, 3306.910,    0.214,    0.031,   60.440,    2.200,   -0.221,      NaN
  46, 15BC21,  1845662, J05280015+0938382,                 ,  5:28:00.15,   9:38:26.3, 1.109, 710, 2015-11-04, 11:19:45.13, 301, 234, 11.93, 2660, -,    nulle, M2,   -0.2503520,   60.7498231,   10.0098547,   16.9420000,    3.8660000,    1.1100000,    0.7661000,   -0.167, 3283.709,    0.210,    0.031,   60.440,    2.170,   -0.214,      NaN
  47, 16AF25,  1895451, J05280015+0938382,                 ,  5:28:00.15,   9:38:26.0, 1.094, 268, 2016-02-20,  7:22:04.63, 203, 164, 11.75, 2628, -,    nulle, M2,   -0.2605878,   61.0370648,    9.8363533,   32.8260000,    6.0750000,    1.1970000,    0.8777000,   -0.189, 3242.279,    0.199,    0.023,   60.610,    2.080,   -0.200,      NaN
  48, 15BB07,  1830505,          GJ3356  ,                 ,  5:34:52.19,  13:52:41.1, 1.304, 350, 2015-08-29, 14:42:23.91, 220, 174, 11.67, 2797, -,    nulle, M2,   -0.2738436,   37.9717160,    9.2353169,   21.3150000,    5.2990000,    1.0540000,    0.6601000,    0.011, 3298.624,    0.515,    0.037,   37.730,    1.910,   -0.265,      NaN
  49, 15BC21,  1844851,          GJ3356  ,                 ,  5:34:52.26,  13:52:41.0, 1.306, 350, 2015-10-31, 10:34:17.18, 306, 244, 11.01, 2762, -, definite, M2,   -0.2710705,   37.8371079,    9.0987420,   27.2110000,    3.6540000,    2.0290000,    1.0000000,    0.006, 3267.137,    0.459,    0.032,   37.630,    1.880,   -0.219,      NaN
  50, 14BF13,  1756168, J05420897+1229252,                 ,  5:42:08.96,  12:29:25.2, 1.444, 600, 2014-11-11,  9:32:38.98, 486, 374, 10.89, 2538, -,    nulle, M2,   -0.2266374,  106.2113647,    9.5728089,    8.7600000,    2.4140000,    0.9840000,    0.5141000,   -0.155, 3175.991,    0.380,    0.026,  105.790,    1.980,   -0.193,      NaN
  51, 15BC21,  1883546, J05420897+1229252,                 ,  5:42:10.71,  12:29:00.1, 1.448, 300, 2016-01-15, 11:38:44.08, 310, 247, 11.16, 2489, -,    nulle, M2,   -0.2342079,  106.2557640,    9.8972742,   14.0020000,    4.1080000,    0.9330000,    0.4030000,   -0.136, 3186.763,    0.386,    0.020,  105.820,    1.910,   -0.228,      NaN
  52, 15BC21,  1883229, J05420897+1229252,                 ,  5:42:11.31,  12:29:00.1, 1.069, 300, 2016-01-14,  9:52:15.96, 313, 255, 11.18, 2470, -,    nulle, M2,   -0.2357949,  106.2325321,    9.8238076,   10.2020000,    3.9700000,    0.7480000,    0.0931000,   -0.169, 3202.506,    0.261,    0.042,  105.820,    1.910,   -0.235,      NaN
  53, 15BF13,  1845182, J05420897+1229252,                 ,  5:42:11.53,  12:29:00.4, 1.439, 600, 2015-11-02, 10:09:57.42, 535, 428, 10.69, 2540, -,    nulle, M2,   -0.2272873,  106.2461546,    9.4534607,    6.0050000,    2.2510000,    0.7610000,    0.1062000,   -0.140, 3183.448,    0.375,    0.043,  105.900,    1.980,   -0.192,      NaN
  54, 15AB02,  1791243,          GJ3378  ,                 ,  6:01:11.03,  59:35:15.8, 1.327, 800, 2015-03-26,  5:09:07.18, 513, 405, 11.11, 2526, -, definite, M2,   -0.2522308,    2.2422517,    9.3982784,   16.4950000,    2.3180000,    1.8490000,    1.0000000,   -0.053, 3218.249,    0.417,    0.028,    2.030,    2.160,   -0.264,      NaN
  55, 14BC27,  1773682,          GJ3378  ,                 ,  6:01:11.05,  59:35:33.4, 1.842, 800, 2015-01-12, 12:50:58.24, 507, 405, 10.99, 2593, -,    nulle, M2,   -0.2501238,    2.1635944,    9.2463031,    9.8480000,    2.3240000,    1.2450000,    0.9214000,   -0.017, 3199.192,    0.360,    0.035,    2.020,    1.880,   -0.212,      NaN
  56, 15AF04,  1791601,          Gl226   ,                 ,  6:10:19.83,  82:06:05.2, 2.162, 180, 2015-03-27,  5:08:35.16, 304, 243, 10.03, 2925, -, definite, M2,   -0.2876366,   -1.4448983,    9.5120480,   23.2630000,    3.4400000,    1.8540000,    1.0000000,   -0.084, 3432.857,    0.581,    0.060,   -1.420,    1.770,   -0.391,      NaN
  57, 15BF13,  1845007,          Gl226   ,                 ,  6:10:20.03,  82:06:04.4, 2.238, 180, 2015-11-01, 11:48:24.51, 341, 274,  9.72, 2994, -, marginal, M2,   -0.2875420,   -1.5492983,    9.4022147,   15.8620000,    2.9660000,    1.6180000,    0.9994000,   -0.085, 3491.687,    0.739,    0.067,   -1.570,    2.060,   -0.407,      NaN
  58, 14BB07,  1755564, J07100298-0133146,                 ,  7:10:02.98,  -1:33:14.6, 2.024, 420, 2014-11-09, 10:28:04.54, 143, 115, 11.50, 4279, -, marginal, M2,   -0.3740149,   66.3341053,   11.7017699,   28.0970000,    5.0920000,    1.5830000,    0.9995000,    1.246, 3874.501,    2.175,    0.606,   66.520,    4.790,   -0.615,      NaN
  59, 14BF13,  1772995, J07100298-0133146,                 ,  7:10:02.98,  -1:33:14.6, 2.224, 420, 2015-01-09, 14:20:52.43, 136, 108, 11.60, 4186, -, marginal, M2,   -0.3777526,   66.2374945,   11.6166833,   31.8610000,    5.6760000,    1.5860000,    0.9995000,    1.271, 3877.815,    1.634,    0.193,   66.340,    4.920,   -0.629,      NaN
  60, 14BF13,  1756192,          GL273   ,                 ,  7:27:24.50,   5:13:32.9, 1.044, 150, 2014-11-11, 13:54:24.12, 520, 410,  9.14, 2629, -,    nulle, M2,   -0.2411664,   18.3110471,    9.2447812,    4.8540000,    2.1290000,    0.6650000,    0.0328000,   -0.052, 3211.621,    0.353,    0.027,   18.100,    2.000,   -0.189,      NaN
  61, 14BF13,  1770376,          GL273   ,                 ,  7:27:24.50,   5:13:32.9, 1.526, 150, 2014-12-22, 14:58:42.32, 499, 400,  9.24, 2593, -,    nulle, M2,   -0.2449168,   18.3580201,    9.3213033,    7.0470000,    2.3060000,    0.7650000,    0.1113000,   -0.043, 3220.735,    0.437,    0.045,   18.140,    2.000,   -0.232,      NaN
  62, 15BB07,  1830509,          LHS1920 ,                 ,  7:28:46.11,  -3:18:05.7, 2.368, 250, 2015-08-29, 15:13:39.16, 191, 147, 11.36, 2946, -,    nulle, M2,   -0.2772090,    1.6367596,    9.2017463,   20.0480000,    6.1150000,    0.9780000,    0.5005000,   -0.031, 3401.370,    0.480,    0.047,    1.290,    1.850,   -0.327,      NaN
  63, 15BC21,  1845019,          LHS1920 ,                 ,  7:28:46.11,  -3:18:05.8, 1.096, 250, 2015-11-01, 14:41:29.54, 293, 238, 10.62, 2865, -,    nulle, M2,   -0.2752458,    1.5281628,    9.0686748,   10.7770000,    3.5870000,    0.7790000,    0.1284000,   -0.008, 3370.712,    0.566,    0.094,    1.210,    2.080,   -0.328,      NaN
  64, 16AF25,  1895803, J07315735+3613477,                 ,  7:31:57.27,  36:13:43.6, 1.137, 600, 2016-02-21,  6:06:22.92, 489, 382, 10.58, 2765, -, definite, M2,   -0.2837529,   -1.3730335,   10.8031045,   28.4340000,    2.2210000,    3.2440000,    1.0000000,    0.106, 3394.741,    0.464,    0.045,   -1.250,    2.390,    1.114, ********
  65, 16AF25,  1915259, J07315735+3613477,                 ,  7:31:57.28,  36:13:43.7, 1.240, 111, 2016-03-25,  8:10:09.03, 221, 180, 10.42, 2776, -,    nulle, M2,   -0.2909520,   -1.3474229,   11.1363350,   26.6610000,    5.0330000,    1.3440000,    0.9753000,    0.142, 3391.427,    0.555,    0.047,   -1.220,    2.500,    1.208, ********
  66, 16AF25,  1915263, J07315735+3613477,                 ,  7:31:57.28,  36:13:43.7, 1.285,  92, 2016-03-25,  8:23:45.84, 228, 179, 10.16, 2787, -,    nulle, M2,   -0.2940170,   -1.3559583,   11.0296325,   26.8370000,    4.8340000,    1.3910000,    0.9863000,    0.148, 3411.313,    0.616,    0.054,   -1.280,    2.610,    1.130, ********
  67, 14BC27,  1770392, J07345632+1445544,                 ,  7:34:56.24,  14:45:52.8, 1.654, 300, 2014-12-22, 15:34:35.22, 294, 230, 10.85, 2794, -, definite, M2,   -0.2464875,   31.4830855,   13.6217829,   61.9180000,    3.8080000,    5.2090000,    1.0000000,      NaN,      NaN,    0.194,    0.012,   31.560,    4.770,    1.553, ********
  68, 14BC27,  1773690, J07345632+1445544,                 ,  7:34:56.24,  14:45:52.8, 2.037, 300, 2015-01-12, 14:45:06.49, 304, 246, 10.71, 2824, -, definite, M2,   -0.2447628,   31.4952063,   13.5123128,   29.3930000,    3.6420000,    2.5440000,    1.0000000,      NaN,      NaN,    0.186,    0.013,   31.540,    4.710,    1.875, ********
  69, 16AF25,  1895060, J07384089-2113276,                 ,  7:38:41.57, -21:13:35.3, 1.388, 212, 2016-02-18,  7:07:22.13, 204, 162, 11.35, 2743, -,    nulle, M2,   -0.2753520,  -28.7522470,    9.5504384,   22.9470000,    5.8740000,    1.0590000,    0.6696000,   -0.233, 3401.370,    0.377,    0.031,  -28.860,    2.070,   -0.282,      NaN
  70, 15BF13,  1889345,          LHS1935 ,                 ,  7:38:41.58, -21:13:35.8, 1.500, 330, 2016-01-26, 11:23:43.87, 266, 213, 11.24, 2730, -,    nulle, M2,   -0.2719007,  -28.8137549,    9.6597341,   15.9110000,    4.2820000,    1.0260000,    0.6040000,   -0.174, 3383.969,    0.343,    0.045,  -28.950,    1.980,   -0.349,      NaN
  71, 14BC27,  1769461, J07581269+4118134,                 ,  7:58:12.69,  41:18:13.3, 1.221, ***, 2014-12-19, 14:39:36.91, 473, 383, 11.46, 2561, -,    nulle, M2,   -0.2532603,  -21.0037922,    9.0279287,    7.7320000,    2.4700000,    0.8440000,    0.2151000,    0.016, 3178.477,    0.392,    0.077,  -21.070,    1.840,   -0.224,      NaN
  72, 14BC27,  1773200, J07581269+4118134,                 ,  7:58:12.69,  41:18:13.4, 1.315, ***, 2015-01-10, 13:44:51.61, 475, 355, 11.49, 2533, -,    nulle, M2,   -0.2556712,  -20.8676847,    9.0372489,   12.0580000,    2.5450000,    1.2330000,    0.9175000,    0.035, 3176.819,    0.424,    0.075,  -20.980,    2.090,   -0.211,      NaN
  73, 14BC27,  1769465, J08160798+0118091,                 ,  8:16:07.98,   1:18:09.2, 1.529, 200, 2014-12-19, 15:52:30.41, 359, 291,  9.74, 3005, -,    nulle, M2,   -0.2920658,   62.2019045,    9.7798016,    6.8380000,    2.7000000,    0.7710000,    0.1090000,   -0.080, 3527.317,    0.271,    0.055,   61.910,    2.720,   -0.398,      NaN
  74, 14BC27,  1772999, J08160798+0118091,                 ,  8:16:07.98,   1:18:09.1, 1.737, 200, 2015-01-09, 14:54:58.93, 400, 325,  9.50, 3001, -, definite, M2,   -0.2937654,   62.1695494,    9.6990729,   16.7870000,    2.4260000,    1.8850000,    1.0000000,   -0.099, 3552.175,    0.304,    0.049,   61.850,    2.590,   -0.417,      NaN
  75, 14BF13,  1773686,          Gl317   ,                 ,  8:40:58.76, -23:27:11.2, 1.724, 700, 2015-01-12, 13:52:40.43, 393, 319, 11.32, 2657, -,    nulle, M2,   -0.2733989,   87.9554883,    9.2719538,   10.8950000,    2.9490000,    1.2190000,    0.8995000,    0.208, 3268.794,    0.343,    0.081,   87.660,    2.070,   -0.253,      NaN
  76, 14BF13,  1773176,          Gl317   ,                 ,  8:40:58.77, -23:27:11.2, 1.388, 700, 2015-01-10, 11:15:43.77, 337, 275, 11.71, 2630, -,    nulle, M2,   -0.2779488,   87.9139414,    9.2428516,   12.4860000,    3.4950000,    0.9820000,    0.5100000,    0.247, 3248.079,    0.456,    0.045,   87.560,    2.190,   -0.264,      NaN
  77, 16AF25,  1929733, J09201112-0110171,                 ,  9:20:11.08,  -1:10:15.4, 1.154, 900, 2016-05-18,  5:24:20.25, 159, 126, 13.38, 2760, -, marginal, M2,   -0.2114884,   45.9800133,   14.2810030,   43.9090000,    7.8210000,    1.5640000,    0.9994000,    0.088, 2226.415,    0.056,    0.013,   45.640,    7.540,   -0.364,      NaN
  78, 14BC27,  1774117,          GJ1125  ,                 ,  9:30:44.00,   0:19:13.1, 1.099, 400, 2015-01-14, 13:18:48.95, 320, 256, 11.15, 2687, -, definite, M2,   -0.2643232,   46.2758826,    9.6246925,   25.7030000,    3.3970000,    1.9340000,    1.0000000,   -0.013, 3306.081,    0.217,    0.034,   45.980,    2.180,   -0.280,      NaN
  79, 14BC27,  1771762,          GJ1125  ,                 ,  9:30:44.01,   0:19:13.1, 1.064, 400, 2014-12-30, 13:35:23.26, 364, 288, 10.83, 2731, -, definite, M2,   -0.2579765,   46.2911399,    9.7227272,   27.1840000,    3.0060000,    2.4870000,    1.0000000,   -0.065, 3276.251,    0.497,    0.031,   46.010,    2.130,   -0.216,      NaN
  80, 14BC27,  1772766,  09360161-2139371,                 ,  9:36:01.61, -21:39:37.1, 1.687, 420, 2015-01-08, 15:06:23.26, 368, 293, 10.62, 2868, -,    nulle, M2,   -0.2754138,  -34.5613585,    9.5027241,   12.8630000,    2.7930000,    1.3110000,    0.9637000,   -0.228, 3433.685,    0.490,    0.036,  -34.600,    2.000,   -0.290,      NaN
  81, 15AF04,  1788188,  09360161-2139371,                 ,  9:36:01.74, -21:39:52.1, 1.346, 420, 2015-03-03,  9:41:23.25, 352, 292, 10.79, 2823, -,    nulle, M2,   -0.2753881,  -34.5117209,    9.5969499,    9.0220000,    2.9420000,    0.9310000,    0.3983000,   -0.239, 3439.486,    0.321,    0.037,  -34.500,    1.910,   -0.302,      NaN
  82, 14BC27,  1756208,          GL360   ,                 ,  9:42:34.92,  70:02:02.4, 1.636, 300, 2014-11-11, 15:03:26.63, 385, 303, 10.13, 2933, -,    nulle, M2,   -0.3004980,    7.0520465,    9.9832640,   12.0040000,    2.6630000,    1.3790000,    0.9816000,    0.163, 3493.345,    0.647,    0.078,    6.880,    2.090,   -0.030,      NaN
  83, 14BC27,  1769811,          GL360   ,                 ,  9:42:34.92,  70:02:02.3, 1.616, 300, 2014-12-20, 15:34:45.44, 348, 286, 10.36, 2907, -,    nulle, M2,   -0.2999004,    7.0879996,    9.9793224,   15.1270000,    2.9310000,    1.3940000,    0.9847000,    0.201, 3480.087,    0.445,    0.051,    6.920,    2.270,   -0.030,      NaN
  84, 16AF25,  1930074, J09541556+2025328,                 ,  9:54:15.80,  20:25:32.2, 1.142, 900, 2016-05-19,  6:30:59.83, 201, 157, 12.89, 2785, -, marginal, M2,   -0.2695542,  -15.3243996,   11.5941521,   35.4620000,    5.9900000,    1.6560000,    0.9998000,   -0.043, 3361.597,    0.594,    0.036,  -15.350,    2.690,    0.886, ********
  85, 16AF25,  1930070, J09541556+2025328,                 ,  9:54:15.81,  20:25:32.4, 1.029, 900, 2016-05-19,  5:25:54.16, 113,  80, 13.90, 2931, -,    nulle, M2,   -0.2301030,  -15.6309537,   13.3572678,   56.8880000,   12.0940000,    1.1440000,    0.8293000,   -0.054, 3019.385,   -0.038,    0.014,  -15.540,    2.700,    0.601, ********
  86, 15AB02,  1793502,          Gl380   ,                 , 10:11:20.79,  49:27:07.6, 1.177,  30, 2015-04-03,  8:48:34.55, 240, 193,  7.99, 3646, -,    nulle, M2,   -0.3837151,  -25.9520190,   10.5491011,   10.8150000,    3.4140000,    0.9010000,    0.3271000,    0.826, 4156.225,    3.782,    0.721,  -25.440,    3.380,   -0.631,      NaN
  87, 15AB02,  1793506,          Gl380   ,                 , 10:11:20.79,  49:27:07.6, 1.183,  30, 2015-04-03,  8:53:37.98, 306, 244,  7.50, 3612, -,    nulle, M2,   -0.3823521,  -25.9597549,   10.5768982,    8.9520000,    2.5130000,    1.0240000,    0.5990000,    0.845, 4146.281,    3.038,    0.786,  -25.370,    3.260,   -0.630,      NaN
  88, 15AB02,  1791251,          Gl380   ,                 , 10:11:20.80,  49:27:07.6, 1.246,  30, 2015-03-26,  6:32:31.03, 547, 443,  6.26, 3608, -,    nulle, M2,   -0.3775879,  -26.0109478,   10.5842452,    4.2880000,    1.3460000,    0.9640000,    0.4665000,    0.833, 4179.425,    2.695,    0.161,  -25.480,    3.120,   -0.642,      NaN
  89, 15AB02,  1793498,          Gl380   ,                 , 10:11:20.80,  49:27:07.6, 1.172,  30, 2015-04-03,  8:43:01.80, 182, 146,  8.55, 3673, -,    nulle, M2,   -0.3872298,  -25.9495803,   10.5176417,   17.8440000,    4.5900000,    1.0490000,    0.6521000,    0.867, 4129.709,    1.651,    0.236,  -25.410,    3.610,   -0.635,      NaN
  90, 16AF25,  1895843, J10123481+5703495,                 , 10:12:34.61,  57:03:41.0, 1.551, 540, 2016-02-21,  7:31:36.22, 276, 218, 11.88, 2582, -,    nulle, M2,   -0.2740434,   -3.2940799,    9.4359221,   20.5610000,    4.4360000,    1.1770000,    0.8566000,   -0.053, 3269.623,    0.259,    0.036,   -3.220,    2.190,   -0.251,      NaN
  91, 16AF25,  1915279, J10123481+5703495,                 , 10:12:34.61,  57:03:40.9, 1.277, 237, 2016-03-25,  9:15:48.86, 222, 178, 11.46, 2612, -, definite, M2,   -0.2759534,   -3.2132276,    9.3722895,   37.1150000,    5.2650000,    1.8110000,    1.0000000,   -0.109, 3317.681,    0.426,    0.034,   -3.170,    1.980,   -0.234,      NaN
  92, 14BC27,  1771782,          GL386   ,                 , 10:16:45.57, -11:57:50.2, 1.207, 220, 2014-12-30, 14:52:55.71, 329, 260, 10.12, 2957, -,    nulle, M2,   -0.2825944,  -10.4755588,    9.1700486,   12.3210000,    3.0530000,    0.9770000,    0.4995000,    0.135, 3473.458,    0.585,    0.069,  -10.480,    1.720,   -0.362,      NaN
  93, 14BC27,  1770396,          GL386   ,                 , 10:16:45.58, -11:57:50.1, 1.269, 220, 2014-12-22, 15:59:12.32, 303, 241, 10.32, 2930, -,    nulle, M2,   -0.2848626,  -10.5362058,    9.1931355,    9.2140000,    3.4350000,    0.8760000,    0.2758000,    0.078, 3466.001,    0.516,    0.064,  -10.510,    1.720,   -0.366,      NaN
  94, 15BF13,  1883558,          Gl386   ,                 , 10:16:45.75, -11:57:50.8, 1.196, 300, 2016-01-15, 12:22:46.13, 325, 252, 10.61, 2846, -,    nulle, M2,   -0.2898346,  -10.5535696,    9.1616676,   12.8870000,    3.3430000,    1.2310000,    0.9101000,    0.080, 3507.431,    0.486,    0.050,  -10.570,    1.700,   -0.354,      NaN
  95, 14BC27,  1772770,          GL393   ,                 , 10:28:54.94,   0:50:16.5, 1.220, 100, 2015-01-08, 15:40:04.12, 287, 235,  9.51, 2972, -, definite, M2,   -0.2925923,    8.3157512,    9.7267603,   33.4760000,    3.4280000,    2.2130000,    1.0000000,   -0.124, 3501.631,    0.453,    0.032,    8.220,    2.330,   -0.247,      NaN
  96, 14BC27,  1771325,          GL393   ,                 , 10:28:54.95,   0:50:16.5, 1.058, 100, 2014-12-29, 14:25:39.97, 356, 285,  8.99, 3055, -, definite, M2,   -0.2866136,    8.3967940,    9.7882542,   29.6000000,    2.6250000,    2.8820000,    1.0000000,   -0.103, 3498.316,    0.586,    0.064,    8.270,    2.190,   -0.388,      NaN
  97, 15BF13,  1845039,          Gl393   ,                 , 10:28:55.12,   0:50:15.9, 1.291,  90, 2015-11-01, 15:49:03.92, 357, 286,  8.80, 3120, -, marginal, M2,   -0.2795809,    8.5058892,    9.7619631,   12.2770000,    2.6140000,    1.6810000,    0.9999000,   -0.117, 3465.172,    0.607,    0.050,    8.520,    2.350,   -0.395,      NaN
  98, 16AF25,  1920267, J10550557+0559430,                 , 10:55:05.76,   5:59:43.5, 1.031, 460, 2016-04-19,  7:34:06.82, 200, 157, 12.33, 2680, -, definite, M2,   -0.2538670,   -2.1087234,   12.2497360,   79.8350000,    5.9910000,    4.5260000,    1.0000000,      NaN,      NaN,    0.321,    0.029,   -1.990,    2.620,    1.602, ********
  99, 14BC27,  1771329,          GL408   ,                 , 11:00:03.89,  22:49:55.0, 1.002, 100, 2014-12-29, 14:39:34.38, 314, 265,  9.41, 2926, -, definite, M2,   -0.2782286,    3.2713375,    9.7383050,   32.2200000,    3.2000000,    2.8310000,    1.0000000,   -0.068, 3446.114,    0.462,    0.044,    3.050,    1.980,   -0.330,      NaN
 100, 14BC27,  1772774,          GL408   ,                 , 11:00:03.89,  22:49:55.0, 1.092, 100, 2015-01-08, 15:52:23.25, 295, 240,  9.59, 2872, -, definite, M2,   -0.2816850,    3.2646791,    9.7702276,   33.9220000,    3.5090000,    2.4610000,    1.0000000,   -0.138, 3452.743,    0.406,    0.042,    2.920,    1.930,   -0.355,      NaN
 101, 15BF13,  1845513,          Gl408   ,                 , 11:00:04.07,  22:49:55.0, 1.311, 150, 2015-11-03, 15:39:22.15, 388, 313,  9.39, 2915, -, definite, M2,   -0.2775912,    3.3406377,    9.5809176,   27.1730000,    2.6150000,    2.9270000,    1.0000000,   -0.065, 3432.028,    0.427,    0.032,    3.140,    1.750,   -0.356,      NaN
 102, 14BB07,  1756216,          GL411   ,                 , 11:03:20.23,  35:58:11.7, 1.208,  30, 2014-11-11, 15:45:37.84, 480, 386,  6.95, 3125, -, definite, M2,   -0.2694225,  -84.6651770,    9.5497788,   13.9500000,    1.8640000,    1.9780000,    1.0000000,   -0.396, 3538.918,    0.389,    0.061,  -84.400,    1.840,   -0.289,      NaN
 103, 14BB07,  1756220,          GL411   ,                 , 11:03:20.23,  35:58:11.7, 1.191,  30, 2014-11-11, 15:52:14.15, 479, 388,  6.96, 3122, -, definite, M2,   -0.2699019,  -84.6585333,    9.5250047,   13.3370000,    1.8510000,    2.1370000,    1.0000000,   -0.392, 3527.317,    0.370,    0.058,  -84.400,    1.840,   -0.287,      NaN
 104, 14BB07,  1769807,          GL411   ,                 , 11:03:20.23,  35:58:11.8, 1.042,  30, 2014-12-20, 15:15:37.23, 473, 380,  7.03, 3093, -, definite, M2,   -0.2692690,  -84.8211635,    9.5850007,   13.9680000,    1.8740000,    1.7870000,    1.0000000,   -0.415, 3523.174,    0.351,    0.067,  -84.570,    2.020,   -0.291,      NaN
 105, 15AF04,  1791613,          Gl414B  ,                 , 11:11:03.06,  30:26:38.3, 1.428,  90, 2015-03-27,  5:59:02.27, 284, 231,  9.31, 3088, -,    nulle, M2,   -0.3288560,  -15.3449736,    9.5546796,    8.6970000,    3.4100000,    0.7030000,    0.0485000,    0.266, 3724.524,    0.596,    0.053,  -15.190,    2.790,   -0.473,      NaN
 106, 15AF04,  1794527,          Gl414B  ,                 , 11:11:03.06,  30:26:38.5, 1.903,  90, 2015-04-08, 12:44:41.97, 205, 164,  9.94, 3097, -,    nulle, M2,   -0.3333268,  -15.3267143,    9.5353174,   17.5520000,    5.0410000,    0.9410000,    0.4141000,    0.292, 3707.952,    0.568,    0.078,  -15.160,    2.780,   -0.454,      NaN
 107, 16AF25,  1929325, J11330051-1531543,                 , 11:33:00.79, -15:31:55.5, 1.280, 900, 2016-05-17,  7:16:51.08, 172, 137, 13.51, 2547, -, definite, M2,   -0.1395024,   -5.6289401,   30.6266008,   56.6600000,    8.3940000,    2.0160000,    1.0000000,      NaN,      NaN,   -0.045,    0.013,   -5.080,   17.830,    4.072, ********
 108, 14BF13,  1773698,          GJ1148  ,                 , 11:41:44.12,  42:45:05.9, 1.112, 600, 2015-01-12, 15:35:19.98, 424, 331, 11.13, 2595, -,    nulle, M2,   -0.2469718,   -8.9836929,    8.7983419,   12.3130000,    2.7260000,    1.2100000,    0.8912000,    0.102, 3174.334,    0.386,    0.061,   -9.040,    1.890,   -0.263,      NaN
 109, 15AF04,  1787453,          GJ1148  ,                 , 11:41:44.12,  42:45:05.8, 1.264, 600, 2015-02-27,  9:13:59.26, 354, 287, 11.59, 2527, -,    nulle, M2,   -0.2533535,   -9.0066886,    8.8948544,   12.4570000,    3.4620000,    1.0940000,    0.7347000,    0.112, 3175.162,    0.511,    0.045,   -9.170,    1.820,   -0.230,      NaN
 110, 14BF13,  1773007,          GL436   ,                 , 11:42:11.85,  26:42:12.9, 1.016, 180, 2015-01-09, 15:23:28.08, 323, 257, 10.02, 2888, -, marginal, M2,   -0.2837073,    9.5596097,    9.0999691,   15.7730000,    3.1170000,    1.4500000,    0.9926000,    0.027, 3439.486,    0.637,    0.077,    9.400,    1.750,   -0.334,      NaN
 111, 15AB02,  1787457,          Gl436   ,                 , 11:42:11.86,  26:42:12.8, 1.090, 180, 2015-02-27,  9:59:14.77, 301, 243, 10.22, 2846, -,    nulle, M2,   -0.2885948,    9.6067322,    9.1652508,   16.3960000,    3.5720000,    1.3370000,    0.9734000,    0.014, 3451.915,    0.402,    0.049,    9.310,    1.750,   -0.346,      NaN
 112, 16BF27,  2067088, J11473762+0501106,                 , 11:47:37.68,   5:01:10.9, 1.066, 359, 2016-12-15, 15:34:51.02, 177, 133, 12.27, 2674, -,         , M2,    0.0000000,    0.0000000,    0.0000000,    0.0000000,    0.0000000,    0.0000000,    0.0000000,    0.000,    0.000,    0.000,    0.000,  -10.520,   16.600,    4.446, -133.710
 113, 16AF25,  1920279, J11473762+0501106,                 , 11:47:37.87,   5:01:10.9, 1.066, 387, 2016-04-19,  9:15:08.69, 199, 151, 12.13, 2747, -, definite, M2,   -0.1584307,  -13.0521647,   25.7057451,  114.8090000,    6.1280000,    5.2430000,    1.0000000,      NaN,      NaN,    0.069,    0.011,  -11.770,   15.740,    3.730, -118.280
 114, 14BC27,  1771770,          GL447   ,                 , 11:47:45.00,   0:47:58.1, 1.121, 220, 2014-12-30, 14:17:31.31, 409, 318, 10.38, 2396, -, definite, M2,   -0.2395074,  -30.6735497,    9.9827108,   18.4460000,    2.9720000,    1.7370000,    0.9999000,   -0.095, 3172.676,    0.256,    0.077,  -30.720,    1.880,    0.055,      NaN
 115, 14BC27,  1772778,          GL447   ,                 , 11:47:45.01,   0:47:58.1, 1.103, 220, 2015-01-08, 16:04:38.59, 359, 289, 10.70, 2367, -, definite, M2,   -0.2423495,  -30.6428003,    9.8553091,   25.8330000,    3.5710000,    1.7920000,    1.0000000,   -0.095, 3155.276,    0.325,    0.020,  -30.750,    1.800,    0.052,      NaN
 116, 14BF13,  1774125,          GJ3707  ,                 , 12:10:05.55, -15:04:26.3, 1.227, 900, 2015-01-14, 14:35:59.85, 481, 379, 11.39, 2524, -,    nulle, M2,   -0.2554443,   80.7389670,    8.8451534,   11.9930000,    2.4430000,    1.2870000,    0.9480000,    0.228, 3122.132,    0.460,    0.028,   80.430,    1.960,   -0.237,      NaN
 117, 15BF13,  1886741,          GJ3707  ,                 , 12:10:05.75, -15:04:27.0, 1.225, 900, 2016-01-19, 14:57:13.59, 433, 325, 11.66, 2481, -,    nulle, M2,   -0.2597324,   80.7625046,    8.9029830,   16.4550000,    2.9260000,    1.2820000,    0.9449000,    0.204, 3102.245,    0.376,    0.039,   80.400,    1.910,   -0.260,      NaN
 118, 16AF25,  1915838, J12140866-2345172,                 , 12:14:08.91, -23:45:15.8, 1.632, 900, 2016-03-27,  8:18:33.41, 209, 167, 13.59, 2191, -,    nulle, M2,   -0.1076463,   -1.4309350,   42.8240148,   38.9530000,    8.0880000,    1.1820000,    0.9496000,      NaN,      NaN,   -0.042,    0.015,   -0.230,   26.940,    9.475, -210.850
 119, 14BF13,  1774121,          GL480   ,                 , 12:38:51.26,  11:41:42.4, 1.082, 480, 2015-01-14, 13:59:35.34, 393, 324, 10.86, 2744, -,    nulle, M2,   -0.2805508,   -4.2185611,    9.0005816,    9.9610000,    2.7570000,    1.1330000,    0.7983000,    0.241, 3330.110,    0.476,    0.056,   -4.010,    2.230,   -0.361,      NaN
 120, 15BF13,  1886293,          Gl480   ,                 , 12:38:51.37,  11:41:41.7, 1.176, 480, 2016-01-18, 13:04:22.24, 391, 319, 10.90, 2709, -, definite, M2,   -0.2792756,   -4.1691216,    9.1401487,   21.6680000,    2.8530000,    2.0610000,    1.0000000,    0.218, 3313.538,    0.420,    0.052,   -3.940,    2.110,   -0.287,      NaN
 121, 16AF25,  1916051, J12435889-1614351,                 , 12:43:58.64, -16:14:33.9, 1.248, 900, 2016-03-28, 10:15:17.23, 146, 115, 14.41, 2179, -, definite, M2,   -0.1931678,    9.2885533,   18.9939019,  120.9550000,   10.6420000,    3.3550000,    1.0000000,      NaN,      NaN,    0.517,    0.055,    8.800,    7.660,    3.946, ********
 122, 15AF04,  1787461,          Gl486   ,                 , 12:47:55.62,   9:44:58.0, 1.248, 420, 2015-02-27, 10:16:34.06, 396, 316, 10.92, 2562, -,    nulle, M2,   -0.2523200,   19.2305440,    8.9696427,   14.9480000,    2.9700000,    1.2540000,    0.9273000,    0.016, 3181.791,    0.407,    0.050,   19.060,    2.020,   -0.214,      NaN
 123, 14BF13,  1774129,          GL486   ,                 , 12:47:55.63,   9:44:58.1, 1.016, 420, 2015-01-14, 15:40:19.90, 417, 332, 10.78, 2593, -,    nulle, M2,   -0.2491069,   19.1252280,    8.9730578,   13.6730000,    2.6950000,    1.2920000,    0.9552000,    0.057, 3209.963,    0.342,    0.037,   19.010,    2.140,   -0.228,      NaN
 124, 15BF13,  1886301,          GL487   ,                 , 12:49:02.46,  66:06:34.8, 1.460, 480, 2016-01-18, 14:37:00.01, 467, 364, 10.58, 2634, -, definite, M2,   -0.1553946,    2.2015522,   12.1622147,   34.6820000,    2.4860000,    3.5010000,    1.0000000,   -0.133, 2329.162,   -0.201,    0.014,   -3.480,    3.820,    0.319, ********
 125, 16AF25,  1894920, J12490273+6606366,                 , 12:49:02.46,  66:06:34.9, 1.501, 300, 2016-02-17, 14:48:54.35, 358, 284, 10.60, 2649, -, definite, M2,   -0.1203679,    5.3221533,   16.3108015,   30.9460000,    3.3380000,    2.0640000,    1.0000000,   -0.097, 1858.517,   -0.020,    0.011,    0.440,   11.830,    0.176, ********
 126, 16AF25,  1887205, J13282106-0221365,                 , 13:28:21.43,  -2:21:44.4, 1.111, 420, 2016-01-20, 15:00:07.22, 330, 262, 11.06, 2745, -,    nulle, M2,   -0.2864490,  -39.3643997,    9.0799971,   12.1520000,    3.4090000,    1.0410000,    0.6348000,    0.135, 3401.370,    0.485,    0.029,  -39.310,    1.840,   -0.366,      NaN
 127, 15BC21,  1824520, J13282106-0221365,                 , 13:28:21.44,  -2:21:43.5, 1.544, 250, 2015-08-02,  6:09:52.86, 282, 221, 10.59, 2953, -,    nulle, M2,   -0.2841032,  -39.4322959,    8.9080019,   10.7250000,    3.7700000,    0.6920000,    0.0474000,    0.133, 3375.683,    0.556,    0.047,  -39.340,    1.900,   -0.338,      NaN
 128, 15AF04,  1788208,          GJ3801  ,                 , 13:42:43.17,  33:17:14.8, 1.289, 720, 2015-03-03, 10:35:56.75, 339, 265, 11.85, 2531, -,    nulle, M2,   -0.2576957,    6.9652156,    9.4418564,   20.1330000,    3.5480000,    1.2580000,    0.9304000,   -0.026, 3225.707,    0.424,    0.046,    6.680,    1.780,   -0.253,      NaN
 129, 15BF13,  1886297,          GJ3801  ,                 , 13:42:43.33,  33:17:13.8, 1.250, 720, 2016-01-18, 13:41:01.83, 395, 315, 11.51, 2554, -, definite, M2,   -0.2560808,    6.9081866,    9.4541362,   20.3720000,    3.0560000,    1.8690000,    1.0000000,   -0.035, 3196.706,    0.375,    0.022,    6.710,    1.950,   -0.226,      NaN
 130, 16AF25,  1895511, J13455074-1758047,                 , 13:45:50.60, -17:58:13.7, 1.395, 600, 2016-02-20, 12:36:04.21, 379, 304, 11.34, 2584, -, marginal, M2,   -0.2599697,    5.2227031,    9.1366645,   18.3180000,    3.1370000,    1.4840000,    0.9953000,    0.056, 3262.994,    0.377,    0.056,    5.000,    1.670,   -0.228,      NaN
 131, 15BC21,  1824516, J13455074-1758047,                 , 13:45:50.61, -17:58:13.4, 1.524, 460, 2015-08-02,  5:33:25.58, 330, 247, 11.11, 2785, -,    nulle, M2,   -0.2538977,    5.1291498,    8.9294438,    8.1420000,    3.4170000,    0.7070000,    0.0579000,    0.069, 3243.936,    0.443,    0.051,    4.960,    1.720,   -0.225,      NaN
 132, 16AF25,  1896099, J13455096-1209502,                 , 13:45:50.95, -12:09:49.0, 1.199, 720, 2016-02-22, 13:21:59.12, 195, 150, 12.09, 3351, -,    nulle, M2,   -0.3588170,  -11.4457891,   10.2260138,   25.8430000,    5.1290000,    1.3810000,    0.9846000,    0.392, 3927.531,    1.304,    0.063,  -11.010,    2.640,   -0.543,      NaN
 133, 16AF25,  1915115, J13455096-1209502,                 , 13:45:50.95, -12:09:49.0, 1.277, 720, 2016-03-24, 10:32:58.25, 189, 147, 12.17, 3335, -,    nulle, M2,   -0.3590047,  -11.5195508,   10.2151294,   16.5570000,    4.9160000,    0.8560000,    0.2379000,    0.423, 3871.186,    1.010,    0.049,  -11.170,    2.440,   -0.552,      NaN
 134, 16AF25,  1916043, J14172209+4525461,                 , 14:17:22.34,  45:25:45.5, 1.587, 900, 2016-03-28,  8:39:14.24, 186, 146, 13.72, 2278, -, definite, M2,   -0.1358392,    3.1000055,   32.2290548,  108.7210000,    8.3890000,    4.2760000,    1.0000000,      NaN,      NaN,   -0.110,    0.018,    3.160,   16.780,    3.252, ********
 135, 15BF13,  1886313,          Gl555   ,                 , 14:34:16.65, -12:31:01.0, 1.243, 360, 2016-01-18, 15:59:33.41, 442, 354, 10.68, 2441, -, marginal, M2,   -0.2445621,   -1.2673293,    8.7128529,   18.0270000,    2.8080000,    1.6370000,    0.9997000,    0.151, 3075.730,    0.311,    0.071,   -1.250,    1.700,   -0.134,      NaN
 136, 15BF13,  1890074,          Gl555   ,                 , 14:34:16.66, -12:31:01.0, 2.620, 360, 2016-01-29, 12:23:12.98, 379, 294, 10.99, 2397, -, definite, M2,   -0.2533923,   -1.2877896,    8.8059335,   28.3530000,    3.4790000,    2.1200000,    1.0000000,    0.149, 3130.418,    0.371,    0.039,   -1.260,    1.640,   -0.033,      NaN
 137, 15AB02,  1788250,          Gl581   ,                 , 15:19:25.65,  -7:43:21.5, 1.396, 180, 2015-03-03, 12:37:36.72, 328, 270, 10.16, 2722, -,    nulle, M2,   -0.2702634,   -9.2481328,    9.5648272,   10.6360000,    3.3230000,    0.8640000,    0.2613000,   -0.078, 3356.626,    0.335,    0.026,   -9.190,    1.860,   -0.288,      NaN
 138, 14BF13,  1773019,          GL581   ,                 , 15:19:25.66,  -7:43:21.5, 1.390, 180, 2015-01-09, 16:07:26.33, 289, 233, 10.38, 2755, -,    nulle, M2,   -0.2690309,   -9.2349048,    9.3786901,   14.8080000,    3.7840000,    1.1330000,    0.7972000,   -0.141, 3326.796,    0.344,    0.036,   -9.240,    1.730,   -0.266,      NaN
 139, 14BF13,  1773232,          Gl617B  ,                 , 16:16:44.88,  67:15:23.8, 1.924, 180, 2015-01-10, 15:37:35.24, 299, 243, 10.23, 2804, -, marginal, M2,   -0.2942894,  -18.3654604,    9.3038767,   21.0540000,    3.7340000,    1.5640000,    0.9986000,    0.193, 3451.915,    0.560,    0.052,  -18.430,    2.030,   -0.339,      NaN
 140, 15AB02,  1788318,          Gl617B  ,                 , 16:16:44.88,  67:15:23.8, 1.478, 180, 2015-03-03, 15:39:35.41, 281, 228, 10.41, 2794, -, marginal, M2,   -0.2927415,  -18.3472229,    9.2923544,   24.1700000,    3.9050000,    1.5490000,    0.9982000,    0.142, 3398.884,    0.433,    0.041,  -18.450,    2.120,   -0.320,      NaN
 141, 15AF04,  1822229,          Gl623   ,                 , 16:24:10.52,  48:21:04.1, 1.141, 180, 2015-07-23,  6:23:16.84, 362, 275,  9.53, 3138, -,    nulle, M2,   -0.2484733,  -26.8316026,    9.5765108,    6.3870000,    2.5360000,    0.6970000,    0.0507000,   -0.417, 3467.658,    0.557,    0.071,  -26.900,    2.320,   -0.284,      NaN
 142, 15BF13,  1883273,          Gl623   ,                 , 16:24:10.55,  48:21:03.9, 1.468, 180, 2016-01-14, 16:04:42.05, 348, 279,  9.82, 2895, -,    nulle, M2,   -0.2573625,  -27.1989687,    9.6014256,   11.0430000,    2.9500000,    1.1460000,    0.8158000,   -0.412, 3485.059,    0.394,    0.035,  -27.230,    2.060,   -0.295,      NaN
 143, 14BF13,  1773236,          Gl625   ,                 , 16:25:25.01,  54:18:12.2, 1.647, 150, 2015-01-10, 15:56:44.78, 311, 247,  9.75, 2978, -,    nulle, M2,   -0.2753952,  -12.8952609,   10.2248522,   21.9480000,    3.2280000,    1.4050000,    0.9886000,   -0.404, 3470.144,    0.413,    0.039,  -12.740,    2.440,   -0.346,      NaN
 144, 15AF04,  1818190,          Gl625   ,                 , 16:25:25.24,  54:18:12.2, 1.264, 150, 2015-07-02,  6:46:56.50, 324, 256,  9.46, 3202, -, definite, M2,   -0.2676267,  -13.0144069,   10.0328715,   16.7580000,    2.7380000,    1.8040000,    1.0000000,   -0.381, 3475.115,    0.564,    0.053,  -12.850,    2.480,   -0.332,      NaN
 145, 16AF25,  1941092, J16275072-1926069,                 , 16:27:50.79, -19:26:07.9, 1.775, 100, 2016-06-20,  6:13:48.37, 193, 148, 10.63, 2603, -,    nulle, M2,   -0.4153294,  -50.0631893,    9.0758720,   31.7570000,    5.8870000,    1.3100000,    0.9634000,    1.739, 3607.691,   -1.430,    1.982,  -49.770,    3.020,   -1.044,      NaN
 146, 16AF25,  1941096, J16301808-1239434,                 , 16:30:18.18, -12:40:02.9, 1.547,  39, 2016-06-20,  6:24:40.52, 219, 176,  9.60, 2544, -,    nulle, M2,   -0.2690435,  -21.1201943,    9.2760102,   22.7520000,    5.4900000,    0.9760000,    0.4940000,    0.051, 3284.537,    0.370,    0.047,  -21.270,    1.800,   -0.255,      NaN
 147, 15AB02,  1788314,          GJ3991  ,                 , 17:09:31.87,  43:40:48.8, 1.188, 500, 2015-03-03, 15:00:35.85, 347, 279, 11.63, 2393, -,    nulle, M2,   -0.2341748,    1.0211279,    8.9332054,   10.2230000,    3.6770000,    0.8020000,    0.1493000,    0.219, 2798.978,    0.359,    0.078,    0.800,    2.070,   -0.183,      NaN
 148, 15AB02,  1794540,          GJ3991  ,                 , 17:09:31.87,  43:40:48.8, 1.102, 500, 2015-04-08, 14:59:44.86, 358, 291, 11.57, 2388, -, definite, M2,   -0.2342551,  -54.5853522,    8.9956426,   29.6200000,    3.6120000,    1.8980000,    1.0000000,    0.161, 2804.778,    0.369,    0.022,  -54.660,    2.050,   -0.157,      NaN
 149, 16AF25,  1896131, J17195422+2630030,                 , 17:19:54.18,  26:30:08.7, 1.119, 420, 2016-02-22, 15:41:46.63, 258, 190, 11.10, 2560, -, definite, M2,   -0.2695324,  -34.8506509,   11.3804549,  107.0820000,    5.3570000,    6.2290000,    1.0000000,      NaN,      NaN,    0.463,    0.046,  -34.920,    2.470,    1.411, ********
 150, 15BF13,  1886309,          Gl669A  ,                 , 17:19:54.19,  26:30:08.6, 2.009, 360, 2016-01-18, 15:29:35.59, 280, 222, 11.43, 2560, -, definite, M2,   -0.2728370,  -34.8977526,   11.3374829,   39.6160000,    4.4620000,    2.4590000,    1.0000000,      NaN,      NaN,    0.368,    0.028,  -34.960,    2.480,    1.456, ********
 151, 16AF25,  1896329, J17195422+2630030,                 , 17:19:54.98,  26:30:08.7, 1.398, 169, 2016-02-23, 14:19:04.96, 216, 173, 11.14, 2565, -, definite, M2,   -0.2750211,  -34.8330688,   11.4926129,  127.8060000,    5.8610000,    5.8790000,    1.0000000,      NaN,      NaN,    0.466,    0.034,  -34.890,    2.450,    1.818, ********
 152, 15AB02,  1788322, J17294104-1748323,                 , 17:29:41.41, -17:48:37.5, 1.330, 180, 2015-03-03, 15:59:27.83, 514, 408,  8.38, 3518, -,    nulle, M2,   -0.4837035,    8.1500789,   11.1701357,    5.2140000,    1.3640000,    1.3340000,    0.9753000,    3.105, 4803.361,    3.560,    0.485,    8.450,    4.460,   -1.094,      NaN
 153, 15AB02,  1794317, J17294104-1748323,                 , 17:29:41.41, -17:48:37.5, 1.283, 180, 2015-04-07, 15:28:11.06, 368, 296,  8.97, 3721, -,    nulle, M2,   -0.4635381,   11.3548208,   10.5137099,    8.0270000,    1.8210000,    1.1470000,    0.8291000,    2.654, 4466.950,    2.321,    0.571,   11.650,    4.940,   -1.020,      NaN
 154, 14BB07,  1733126,          GJ687   ,                 , 17:36:25.90,  68:20:20.9, 2.027,  90, 2014-08-15, 10:20:05.07, 423, 336,  8.62, 2916, -,    nulle, M2,   -0.2621179,  -28.6350856,    9.0966198,    8.5630000,    2.3760000,    0.9670000,    0.4767000,   -0.026, 3394.741,    0.502,    0.040,  -28.610,    1.990,   -0.342,      NaN
 155, 14BB07,  1737317,          GJ687   ,                 , 17:36:25.90,  68:20:20.9, 1.551,  90, 2014-09-03,  6:22:49.55, 492, 389,  8.32, 2930, -,    nulle, M2,   -0.2619161,  -28.6310738,    9.0880435,    8.2810000,    1.9820000,    0.9540000,    0.4468000,   -0.017, 3385.627,    0.546,    0.063,  -28.550,    1.960,   -0.341,      NaN
 156, 14BB07,  1733660,          GL694   ,                 , 17:43:55.96,  43:22:43.0, 1.121, 120, 2014-08-17,  7:25:49.29, 205, 163, 10.39, 3015, -,    nulle, M2,   -0.2968227,  -14.1947198,    9.4032889,   18.6950000,    5.0000000,    1.0910000,    0.7294000,    0.076, 3517.374,    0.547,    0.062,  -14.110,    1.900,   -0.418,      NaN
 157, 14BB07,  1740436,          GL694   ,                 , 17:43:55.96,  43:22:43.0, 1.111, 120, 2014-09-12,  5:32:03.97, 243, 194, 10.04, 3009, -, definite, M2,   -0.2925890,  -14.1978126,    9.3478706,   26.0690000,    4.1840000,    1.7370000,    0.9999000,    0.041, 3491.687,    0.559,    0.069,  -14.100,    1.700,   -0.326,      NaN
 158, 15AF04,  1822233, J17462934-0842362,                 , 17:46:29.20,  -8:42:47.9, 1.221, 120, 2015-07-23,  6:43:49.87, 121,  95, 12.00, 2564, -, definite, M2,   -0.1527627,  -31.1327982,   11.4306396,   70.4430000,   11.9150000,    1.5480000,    1.0000000,      NaN,      NaN,    0.139,    0.016,  -17.790,    4.270,    2.571, ********
 159, 15BF13,  1845146, J17462934-0842362,                 , 17:46:29.32,  -8:42:48.1, 1.588, 120, 2015-11-02,  4:16:33.50, 129,  98, 11.70, 2686, -, definite, M2,   -0.1880533,  -16.9888135,   17.6396090,   74.2990000,   11.5400000,    1.8190000,    1.0000000,   -0.063, 1817.915,    0.040,    0.014,  -16.120,   10.080,    0.662, ********
 160, 16BF27,  1977162, J17574849+0441405,                 , 17:57:47.60,   4:44:32.2, 1.058,  24, 2016-08-16,  7:28:03.38, 213, 167,  8.96, 2669, -,    nulle, M2,   -0.2348495, -110.1989814,   10.9906610,   22.7460000,    5.2990000,    1.2130000,    0.9056000,   -0.545, 3360.769,    0.165,    0.026, -110.220,    1.900,   -0.234,      NaN
 161, 16BF27,  2008617, J17574849+0441405,                 , 17:57:47.60,   4:44:33.9, 1.747,  60, 2016-10-16,  6:17:48.83, 200, 160, 10.15, 2578, -,    nulle, M2,   -0.2454118, -110.0115422,   11.1844644,   31.8810000,    6.2380000,    1.3800000,    0.9865000,   -0.473, 3460.201,    0.195,    0.020, -110.090,    1.900,   -0.269,      NaN
 162, 15BF13,  1834743,          GJ4040  ,                 , 17:57:51.14,  46:35:27.1, 1.533, 360, 2015-09-24,  7:33:29.15, 221, 173, 11.51, 2938, -,    nulle, M2,   -0.2825651,  -31.1649771,    9.3390923,   17.1620000,    5.0940000,    1.0240000,    0.5995000,    0.059, 3369.883,    0.415,    0.058,  -31.230,    2.090,   -0.292,      NaN
 163, 15BF13,  1845150,          GJ4040  ,                 , 17:57:51.15,  46:35:27.3, 1.398, 360, 2015-11-02,  4:29:43.42, 284, 228, 11.11, 2827, -, marginal, M2,   -0.2809919,  -31.1432281,    9.3701156,   22.3360000,    3.8910000,    1.4180000,    0.9905000,    0.055, 3354.968,    0.460,    0.041,  -31.190,    2.090,   -0.200,      NaN
 164, 14BF13,  1740432, J18151241-1924063,                 , 18:15:12.43, -19:24:06.8, 1.291, 300, 2014-09-12,  5:05:43.01, 284, 222, 10.52, 3185, -,    nulle, M2,   -0.3016637,   32.6926842,    9.6904203,   14.6850000,    3.2630000,    1.2980000,    0.9534000,   -0.025, 3612.663,    0.484,    0.074,   32.590,    2.680,   -0.358,      NaN
 165, 15AF04,  1822961, J18151241-1924063,                 , 18:15:12.74, -19:24:12.3, 1.320, 300, 2015-07-26,  9:08:02.50, 318, 251, 10.21, 3275, -,    nulle, M2,   -0.2996951,   32.7365216,    9.6943795,   13.5180000,    2.8280000,    1.2220000,    0.9025000,   -0.048, 3593.605,    0.622,    0.086,   32.620,    2.680,   -0.363,      NaN
 166, 16BF27,  2008621, J18302580-0006226,                 , 18:30:25.80,  -0:06:22.6, 1.629, 480, 2016-10-16,  6:29:27.22,  69,  53, 12.74, 4935, -,    nulle, M2,   -0.2636040,   15.7884874,    9.2129899,   50.3980000,   11.3680000,    1.0950000,    0.7370000,    0.796, 2716.946,   -2.425,    0.247,   15.920,    5.180,   -0.946,      NaN
 167, 16BF27,  2005478, J18302580-0006226,                 , 18:30:26.09,  -0:06:27.0, 1.092, 480, 2016-09-21,  5:43:09.48, 110,  86, 11.82, 5279, -,    nulle, M2,   -0.2842954,   15.7503010,    9.0882934,   27.4000000,    5.2720000,    1.1440000,    0.8133000,    0.763, 2652.316,   -1.551,    0.542,   16.120,    4.410,   -0.948,      NaN
 168, 15BF13,  1848886,          GJ1230A ,                 , 18:41:10.50,  24:47:15.7, 1.702, 600, 2015-11-25,  4:42:54.86, 365, 288, 11.81, 2289, -, definite, M2,   -0.1271669,   34.6826404,   10.4673960,   28.3940000,    3.7650000,    1.7700000,    1.0000000,    0.004, 2149.355,    0.209,    0.028,     -NaN,     -NaN,      NaN,      NaN
 169, 15BF13,  1845158,          GJ1230A ,                 , 18:41:10.58,  24:47:15.8, 1.289, 600, 2015-11-02,  5:07:37.56, 382, 300, 11.77, 2288, -, definite, M2,   -0.1315362,  -58.1704339,   10.4489183,   34.9200000,    3.6550000,    2.0970000,    1.0000000,    0.042, 2148.527,    0.029,    0.063,  -58.170,    1.800,    0.795, ********
 170, 15BF13,  1845162,          GJ4070  ,                 , 18:41:58.95,  31:49:49.9, 1.520, 240, 2015-11-02,  5:52:31.91, 280, 224, 10.59, 2903, -,    nulle, M2,   -0.2742779,  -31.5742678,    9.3865222,   20.4400000,    3.8380000,    1.3090000,    0.9628000,   -0.149, 3400.541,    0.375,    0.055,  -31.580,    2.160,   -0.298,      NaN
 171, 15BC21,  1834400, J18415908+3149498,                 , 18:41:58.96,  31:49:49.8, 1.230, 250, 2015-09-22,  7:31:07.37, 206, 165, 11.22, 2994, -,    nulle, M2,   -0.2737694,  -31.6643078,    9.4550322,   18.2910000,    5.2990000,    1.0910000,    0.7339000,   -0.118, 3445.286,    0.490,    0.066,  -31.650,    2.380,   -0.295,      NaN
 172, 15AF04,  1822249,          GJ4070  ,                 , 18:41:58.97,  31:49:49.9, 1.108, 240, 2015-07-23, 10:41:32.25, 277, 221, 10.50, 3042, -,    nulle, M2,   -0.2684536,  -31.7014074,    9.3263281,   13.9760000,    3.5330000,    1.1400000,    0.8138000,   -0.128, 3423.742,    0.458,    0.061,  -31.680,    2.450,   -0.304,      NaN
 173, 15BC21,  1830477, J18415908+3149498,                 , 18:41:58.97,  31:49:49.8, 1.059, 250, 2015-08-29,  7:42:50.96, 276, 216, 10.61, 2998, -,    nulle, M2,   -0.2687271,  -31.6464891,    9.3917316,   13.7720000,    3.6630000,    0.9230000,    0.3745000,   -0.141, 3427.885,    0.443,    0.044,  -31.590,    2.360,   -0.178,      NaN
 174, 15BF13,  1845154,          Gl725A  ,                 , 18:42:45.47,  59:38:18.3, 1.518,  60, 2015-11-02,  4:58:48.31, 376, 308,  8.47, 2896, -, definite, M2,   -0.2540023,   -0.5632868,    9.4760667,   17.9820000,    2.7100000,    1.7520000,    1.0000000,   -0.267, 3392.255,    0.409,    0.038,   -0.580,    1.850,   -0.212,      NaN
 175, 15AF04,  1818194,          Gl725A  ,                 , 18:42:45.49,  59:38:17.8, 1.686,  60, 2015-07-02,  7:01:36.73, 395, 315,  8.24, 3014, -,    nulle, M2,   -0.2484628,   -0.6038305,    9.4577641,   12.6970000,    2.4180000,    1.4130000,    0.9899000,   -0.304, 3441.971,    0.306,    0.045,   -0.600,    1.940,   -0.274,      NaN
 176, 16BC27,  1976995, J18450905-0926438,                 , 18:45:09.05,  -9:26:43.9, 1.151, 130, 2016-08-15,  7:51:41.83, 187, 146, 10.91, 2735, -,    nulle, M2,   -0.4822258,  -16.7808476,   12.3864625,   23.3960000,    5.9990000,    1.0230000,    0.5972000,    2.514, 4340.174,    1.000,    0.045,  -16.590,    4.980,   -1.124,      NaN
 177, 16BC27,  2005490, J18450905-0926438,                 , 18:45:09.05,  -9:26:43.9, 1.337, 142, 2016-09-21,  7:05:53.18, 191, 154, 10.92, 2710, -,    nulle, M2,   -0.4784972,  -16.8379634,   12.4234366,   22.1680000,    6.0360000,    1.1840000,    0.8816000,    2.523, 4418.891,    0.622,    0.022,  -16.620,    5.000,   -1.154,      NaN
 178, 15BF13,  1845614,          Gl745B  ,                 , 19:07:12.89,  20:52:31.9, 1.229, 300, 2015-11-04,  5:09:23.36, 238, 189, 11.06, 2989, -,    nulle, M2,   -0.2744953,   32.3308523,    9.7780027,   23.1650000,    4.2820000,    1.1010000,    0.7467000,   -0.405, 3504.945,    0.538,    0.045,   32.240,    2.270,   -0.214,      NaN
 179, 14BC27,  1739385, J19071320+2052372,                 , 19:07:13.20,  20:52:37.2, 1.339, 420, 2014-09-08,  9:18:55.65, 241, 184, 11.24, 3164, -,    nulle, M2,   -0.2642280,   32.2268680,    9.7527353,   11.8670000,    4.3290000,    0.7900000,    0.1418000,   -0.413, 3436.171,    0.347,    0.037,   32.140,    2.280,   -0.227,      NaN
 180, 14BC27,  1739389, J19071320+2052372,                 , 19:07:13.20,  20:52:37.2, 1.533, 420, 2014-09-08,  9:51:32.79, 215, 173, 11.45, 3182, -,    nulle, M2,   -0.2640366,   32.2352014,    9.7541563,   14.2830000,    4.5350000,    0.9400000,    0.4164000,   -0.395, 3438.657,    0.311,    0.046,   32.160,    2.420,   -0.228,      NaN
 181, 14BC27,  1739393, J19071320+2052372,                 , 19:07:13.20,  20:52:37.2, 1.824, 420, 2014-09-08, 10:23:55.46, 289, 232, 10.82, 3169, -,    nulle, M2,   -0.2664381,   32.2520101,    9.7709811,    9.7790000,    3.3000000,    0.8200000,    0.1862000,   -0.404, 3438.657,    0.414,    0.046,   32.140,    2.370,   -0.233,      NaN
 182, 14BC27,  1756011, J19071320+2052372,                 , 19:07:13.20,  20:52:37.2, 1.197, 420, 2014-11-11,  4:31:23.38, 441, 348, 10.04, 3087, -,    nulle, M2,   -0.2656766,   32.3033118,    9.7425009,    5.5720000,    2.0950000,    0.7600000,    0.1053000,   -0.457, 3481.744,    0.426,    0.072,   32.210,    2.100,   -0.210,      NaN
 183, 15AF04,  1823777,          GJ4098  ,                 , 19:08:29.93,  32:16:48.5, 2.270, 360, 2015-07-29, 13:47:32.37, 228, 169, 11.38, 2917, -,    nulle, M2,   -0.2726743,   -1.5852853,    9.3828768,   22.7230000,    5.4160000,    1.3080000,    0.9584000,   -0.088, 3325.967,    0.468,    0.045,   -1.410,    2.210,   -0.307,      NaN
 184, 15BF13,  1845618,          GJ4098  ,                 , 19:08:29.93,  32:16:48.5, 1.328, 360, 2015-11-04,  5:34:26.52, 203, 162, 11.86, 2761, -,    nulle, M2,   -0.2792914,   -1.4279303,    9.5118636,   16.7540000,    5.6910000,    0.9670000,    0.4723000,   -0.102, 3383.141,    0.336,    0.032,   -1.320,    2.390,   -0.300,      NaN
 185, 15BC21,  1835949,          GJ4098  ,                 , 19:08:30.45,  32:16:47.8, 1.414, 360, 2015-10-02,  8:02:31.03, 188, 146, 11.94, 2838, -,    nulle, M2,   -0.2796033,   -1.4456528,    9.4173840,   37.6320000,    6.3960000,    1.3200000,    0.9633000,   -0.010, 3348.340,    0.322,    0.062,   -1.300,    2.060,   -0.218,      NaN
 186, 14BB07,  1734572,          GL793   ,                 , 20:30:32.04,  65:26:58.4, 1.908, 150, 2014-08-19, 12:47:33.11, 310, 256,  9.73, 3010, -, definite, M2,   -0.2742738,   10.6936785,    9.8196147,   22.8080000,    3.1110000,    2.1500000,    1.0000000,   -0.047, 3400.541,    0.587,    0.041,   10.500,    1.720,    0.598, ********
 187, 14BB07,  1737521,          GL793   ,                 , 20:30:32.04,  65:26:58.3, 1.529, 150, 2014-09-03,  9:53:34.82, 323, 255,  9.70, 2985, -, definite, M2,   -0.2757040,   10.6782844,    9.8592052,   19.0280000,    3.0800000,    1.8330000,    1.0000000,   -0.053, 3407.999,    0.453,    0.042,   10.390,    1.810,   -0.181,      NaN
 188, 16BF15,  1974324,          Gl793   ,                 , 20:30:32.52,  65:27:03.0, 1.447, 163, 2016-08-03, 10:48:44.81, 309, 248,  9.86, 3012, -, definite, M2,   -0.2727584,   10.6831409,    9.7463174,   29.0050000,    3.0930000,    2.4350000,    1.0000000,   -0.038, 3413.799,    0.450,    0.043,   10.480,    1.700,   -0.194,      NaN
 189, 16BF15,  1974970,          Gl793   ,                 , 20:30:32.52,  65:27:03.0, 1.483, 210, 2016-08-06, 11:12:16.91, 299, 237, 10.25, 2955, -,    nulle, M2,   -0.2737030,   10.7191579,    9.8114305,   15.2880000,    3.3490000,    1.3180000,    0.9628000,   -0.049, 3412.970,    0.348,    0.050,   10.480,    1.650,   -0.208,      NaN
 190, 16BF15,  1975188,          Gl793   ,                 , 20:30:32.52,  65:27:02.8, 1.440, 176, 2016-08-07, 10:21:08.50, 310, 248,  9.99, 2993, -, definite, M2,   -0.2734041,   10.7022452,    9.8055805,   22.7740000,    3.1490000,    1.8920000,    1.0000000,   -0.068, 3441.971,    0.428,    0.053,   10.430,    1.750,   -0.213,      NaN
 191, 16BF15,  1975441,          Gl793   ,                 , 20:30:32.52,  65:27:02.8, 1.442, 201, 2016-08-08, 10:20:18.09, 311, 245, 10.12, 2963, -, marginal, M2,   -0.2732222,   10.6938883,    9.8257297,   16.6270000,    3.1520000,    1.6620000,    0.9997000,   -0.079, 3395.570,    0.432,    0.041,   10.540,    1.980,   -0.150,      NaN
 192, 16BF15,  1975647,          Gl793   ,                 , 20:30:32.52,  65:27:03.0, 1.496, 175, 2016-08-09, 11:10:09.06, 308, 246,  9.96, 2985, -,    nulle, M2,   -0.2737597,   10.7047185,    9.8548495,   14.6040000,    3.1330000,    1.3390000,    0.9704000,   -0.037, 3427.057,    0.468,    0.052,   10.470,    2.070,   -0.181,      NaN
 193, 16BF15,  1975875,          Gl793   ,                 , 20:30:32.52,  65:27:03.0, 1.502, 169, 2016-08-10, 11:10:12.10, 308, 250,  9.92, 2997, -, marginal, M2,   -0.2730539,   10.7018618,    9.8790498,   19.1320000,    3.1440000,    1.5710000,    0.9987000,   -0.002, 3416.285,    0.496,    0.038,   10.340,    2.050,   -0.162,      NaN
 194, 16BF15,  1976100,          Gl793   ,                 , 20:30:32.52,  65:27:03.0, 1.441, 162, 2016-08-11,  8:56:05.81, 310, 246,  9.86, 3003, -, definite, M2,   -0.2714606,   10.7053029,    9.8729277,   22.8660000,    3.1480000,    1.8490000,    1.0000000,   -0.069, 3422.085,    0.519,    0.041,   10.470,    1.700,   -0.148,      NaN
 195, 16BF15,  1976323,          Gl793   ,                 , 20:30:32.52,  65:27:03.0, 1.431, 210, 2016-08-12,  9:26:00.30, 343, 275,  9.94, 2990, -,    nulle, M2,   -0.2709875,   10.6951135,    9.8720883,   13.2670000,    2.8430000,    1.2100000,    0.8910000,   -0.069, 3414.628,    0.506,    0.046,   10.500,    1.830,   -0.032,      NaN
 196, 16BF15,  1976634,          Gl793   ,                 , 20:30:32.52,  65:27:03.0, 1.493, 165, 2016-08-13, 10:52:34.36, 309, 248,  9.88, 3008, -,    nulle, M2,   -0.2720913,   10.7214912,    9.9142731,   11.5790000,    3.1230000,    1.1560000,    0.8294000,   -0.067, 3405.513,    0.316,    0.034,   10.470,    1.980,   -0.031,      NaN
 197, 16BF15,  1977166,          Gl793   ,                 , 20:30:32.52,  65:27:03.0, 1.502, 210, 2016-08-16,  7:37:20.39, 342, 267,  9.94, 2987, -, marginal, M2,   -0.2717589,   10.6717463,    9.8782771,   18.3940000,    2.8410000,    1.5870000,    0.9990000,   -0.059, 3423.742,    0.353,    0.046,   10.460,    1.830,   -0.153,      NaN
 198, 16BF15,  2005116,          Gl793   ,                 , 20:30:32.52,  65:27:03.0, 1.493, 210, 2016-09-19,  8:27:00.33, 349, 282,  9.89, 2995, -,    nulle, M2,   -0.2728228,   10.6858511,    9.8069018,   12.5080000,    2.7240000,    1.3940000,    0.9847000,   -0.078, 3414.628,    0.447,    0.034,   10.460,    2.050,   -0.133,      NaN
 199, 16BF15,  2005338,          Gl793   ,                 , 20:30:32.52,  65:27:03.0, 1.460, 210, 2016-09-20,  5:53:04.13, 337, 267,  9.99, 2969, -, marginal, M2,   -0.2727864,   10.6501577,    9.8114527,   17.8740000,    2.8610000,    1.6240000,    0.9995000,   -0.050, 3398.884,    0.461,    0.034,   10.480,    1.660,   -0.033,      NaN
 200, 16BF15,  2007747,          Gl793   ,                 , 20:30:32.53,  65:27:03.0, 1.433, 210, 2016-10-12,  5:13:36.19, 361, 291,  9.84, 2979, -,    nulle, M2,   -0.2716170,   10.6885090,    9.8220037,   14.2980000,    2.6560000,    1.3660000,    0.9785000,   -0.035, 3432.857,    0.485,    0.035,   10.560,    1.690,   -0.196,      NaN
 201, 16BF15,  2007965,          Gl793   ,                 , 20:30:32.53,  65:27:03.0, 1.509, 210, 2016-10-13,  7:02:39.94, 316, 261, 10.18, 2919, -, definite, M2,   -0.2751200,   10.7177237,    9.8678319,   20.1530000,    3.1370000,    1.8270000,    1.0000000,   -0.052, 3432.028,    0.510,    0.038,   10.460,    1.650,   -0.034,      NaN
 202, 16BF15,  2008199,          Gl793   ,                 , 20:30:32.53,  65:27:03.1, 1.451, 210, 2016-10-14,  4:29:05.29, 328, 262, 10.06, 2955, -, marginal, M2,   -0.2688789,   10.6902440,    9.9298313,   14.8170000,    2.9990000,    1.6470000,    0.9996000,   -0.035, 3374.026,    0.544,    0.034,   10.540,    1.690,   -0.182,      NaN
 203, 16BF15,  2008393,          Gl793   ,                 , 20:30:32.53,  65:27:03.1, 1.448, 210, 2016-10-15,  4:28:53.09, 367, 293,  9.80, 2985, -,    nulle, M2,   -0.2686308,   10.6916407,    9.9364032,   12.6970000,    2.6460000,    1.4010000,    0.9858000,   -0.060, 3401.370,    0.541,    0.042,   10.540,    1.780,   -0.212,      NaN
 204, 16BF15,  2008613,          Gl793   ,                 , 20:30:32.53,  65:27:03.1, 1.445, 210, 2016-10-16,  5:53:44.63, 328, 268, 10.08, 2933, -, definite, M2,   -0.2744410,   10.7227324,    9.8948620,   16.6380000,    3.0070000,    1.8130000,    1.0000000,   -0.047, 3419.599,    0.497,    0.032,   10.550,    1.650,   -0.180,      NaN
 205, 16BF15,  2008866,          Gl793   ,                 , 20:30:32.53,  65:27:03.1, 1.452, 210, 2016-10-17,  6:00:28.67, 294, 232, 10.30, 2945, -, marginal, M2,   -0.2739932,   10.7113332,    9.8956937,   18.1940000,    3.3760000,    1.4320000,    0.9905000,   -0.063, 3412.970,    0.470,    0.046,   10.380,    1.740,   -0.200,      NaN
 206, 16BF15,  2009192,          Gl793   ,                 , 20:30:32.53,  65:27:03.1, 1.522, 210, 2016-10-19,  6:47:14.01, 360, 291,  9.85, 2955, -, marginal, M2,   -0.2743924,   10.6951745,    9.8039244,   13.4920000,    2.6890000,    1.5690000,    0.9987000,   -0.053, 3427.885,    0.356,    0.052,   10.320,    1.680,   -0.033,      NaN
 207, 16BF15,  2009530,          Gl793   ,                 , 20:30:32.53,  65:27:03.1, 1.532, 210, 2016-10-21,  6:44:29.37, 369, 302,  9.79, 2979, -,    nulle, M2,   -0.2728944,   10.7006597,    9.8364405,   10.2840000,    2.6120000,    1.1640000,    0.8398000,   -0.056, 3422.085,    0.552,    0.048,   10.550,    1.660,   -0.164,      NaN
 208, 16BC27,  2007759, J20414744+4938482,                 , 20:41:47.61,  49:38:49.0, 1.176, 228, 2016-10-12,  6:32:53.06,  53,  40, 14.40, 2409, -,    nulle, M2,   -0.2803200,  -51.5074355,    9.8189792,  288.0670000,  218.2740000,    0.3250000,    0.0000000,    0.217, 3673.979,    0.248,    0.068,  -51.730,    1.880,    0.065,      NaN
 209, 14BB07,  1739028,         HIP103039,                 , 20:52:33.02, -16:58:29.0, 1.821, 360, 2014-09-07,  5:14:31.59, 407, 324, 10.63, 2584, -,    nulle, M2,   -0.2443783,   16.4514350,    9.4366290,   13.5580000,    2.8480000,    1.2500000,    0.9303000,    0.005, 3140.361,    0.401,    0.022,   16.230,    1.890,   -0.032,      NaN
 210, 14BB07,  1740452,         HIP103039,                 , 20:52:33.02, -16:58:29.0, 1.414, 360, 2014-09-12,  9:35:56.54, 324, 259, 11.23, 2503, -,    nulle, M2,   -0.2526323,   16.4813343,    9.6161099,   18.4550000,    3.7060000,    1.2940000,    0.9561000,   -0.039, 3148.647,    0.418,    0.035,   16.240,    1.890,   -0.167,      NaN
 211, 15BF13,  1849258,          Gl811.1 ,                 , 20:56:46.74, -10:27:11.4, 1.232, ***, 2015-11-27,  4:14:00.34, 543, 420, 10.98, 2874, -,    nulle, M2,   -0.2875697,   35.3297741,    9.2107985,    5.7450000,    1.9180000,    0.7870000,    0.1283000,    0.098, 3437.828,    0.608,    0.055,   35.130,    2.230,   -0.392,      NaN
 212, 16AF25,  1920735, J20564659-1026534,                 , 20:56:46.75, -10:27:11.6, 1.476, 162, 2016-04-21, 14:51:00.72, 212, 170, 10.85, 2825, -,    nulle, M2,   -0.3056864,   35.4191895,    9.3590749,   24.4210000,    5.1910000,    1.1880000,    0.8741000,    0.128, 3522.346,    0.410,    0.050,   35.140,    2.090,   -0.384,      NaN
 213, 15AF04,  1823553,          Gl816   ,                 , 21:01:58.61,  -6:19:13.9, 2.351, 240, 2015-07-28, 15:02:36.51, 207, 164, 11.03, 3040, -,    nulle, M2,   -0.2907208,  -14.9155848,    9.3774259,   21.4690000,    5.4320000,    1.0840000,    0.7206000,    0.098, 3411.313,    0.542,    0.038,  -14.950,    2.110,   -0.266,      NaN
 214, 15BC21,  1830489, J21015865-0619070,                 , 21:01:58.61,  -6:19:14.0, 1.364, 250, 2015-08-29, 11:13:41.97, 256, 202, 10.73, 3012, -, marginal, M2,   -0.2940114,  -14.9703123,    9.1613220,   22.6170000,    4.0110000,    1.5300000,    0.9982000,    0.091, 3490.030,    0.437,    0.070,  -15.030,    1.960,   -0.389,      NaN
 215, 15BC21,  1834015, J21015865-0619070,                 , 21:01:58.61,  -6:19:14.1, 1.113, 250, 2015-09-19,  7:30:28.38, 234, 184, 10.94, 3010, -,    nulle, M2,   -0.2946409,  -14.9617248,    9.2860067,   15.3610000,    4.4430000,    1.0230000,    0.5971000,    0.072, 3463.515,    0.484,    0.060,  -14.980,    1.880,   -0.354,      NaN
 216, 15AF04,  1822297,          Gl816   ,                 , 21:01:58.62,  -6:19:14.1, 1.345, 240, 2015-07-23, 13:34:34.95, 278, 221, 10.46, 3073, -,    nulle, M2,   -0.2905701,  -14.9447974,    9.2158031,   11.0290000,    3.5480000,    0.8570000,    0.2387000,    0.113, 3475.944,    0.633,    0.073,  -14.910,    2.060,   -0.295,      NaN
 217, 16BC27,  1975192, J21293671+1738353,                 , 21:29:37.83,  17:38:41.5, 1.001,  58, 2016-08-07, 10:41:25.88, 193, 159, 10.12, 2782, -,    nulle, M2,   -0.1399515,  -44.9714362,    9.5782972,   23.0600000,    5.8500000,    0.9510000,    0.3793000,    0.014, 2259.559,    0.320,    0.023,  -23.900,   14.080,   -0.106,      NaN
 218, 16BC27,  2005482, J21293671+1738353,                 , 21:29:37.84,  17:38:41.6, 1.070,  44, 2016-09-21,  6:22:27.77, 198, 160,  9.60, 2821, -,    nulle, M2,   -0.1499253,  -24.8686841,   21.1774515,   16.6570000,    5.5930000,    0.7500000,    0.0507000,   -0.189, 1239.553,    0.001,    0.011,  -24.640,   12.870,   -0.205,      NaN
 219, 16BC27,  2005494, J21293671+1738353,                 , 21:29:37.84,  17:38:41.6, 1.008,  43, 2016-09-21,  7:21:33.18, 196, 155,  9.64, 2816, -,    nulle, M2,   -0.1465731,  -24.8229109,   21.7197541,   27.7940000,    5.6940000,    1.0890000,    0.7520000,   -0.239, 1148.407,    0.001,    0.011,  -24.240,   13.110,   -0.246,      NaN
 220, 16BC27,  1975200, J21513828+5917383,                 , 21:51:38.18,  59:17:39.0, 1.297,  71, 2016-08-07, 11:14:35.75, 197, 157, 10.21, 2787, -,    nulle, M2,   -0.2795475,   -1.8021589,    8.9344408,   31.3470000,    5.7170000,    1.1990000,    0.8806000,    0.210, 3230.678,    0.454,    0.043,   -1.770,    1.860,   -0.239,      NaN
 221, 16BC27,  2005366, J21513828+5917383,                 , 21:51:38.18,  59:17:39.2, 1.499, 120, 2016-09-20, 10:49:10.32, 286, 227,  9.95, 2782, -,    nulle, M2,   -0.2714452,   -1.3031467,    8.9084541,   16.5480000,    3.7650000,    1.0370000,    0.6268000,    0.251, 3190.077,    0.567,    0.056,   -1.200,    1.950,   -0.168,      NaN
 222, 16BC27,  2007973, J22004701+7949254,                 , 22:00:47.19,  79:49:22.6, 2.042, 348, 2016-10-13,  8:10:40.48,  75,  57, 13.65, 2843, -,    nulle, M2,   -0.2989624,  -24.8828645,    9.9740618,   99.0980000,   19.0660000,    1.2730000,    0.9450000,    0.066, 3712.095,    0.242,    0.027,  -25.030,    1.970,   -0.273,      NaN
 223, 16BF27,  2009538, J22021026+0124006,                 , 22:02:09.75,   1:23:55.9, 1.140,  50, 2016-10-21,  7:54:45.14, 237, 188,  8.62, 3556, -,    nulle, M2,   -0.3401327,   18.2488472,   10.0648818,   14.1710000,    3.4940000,    1.3490000,    0.9736000,    0.284, 3848.814,    1.469,    0.116,   18.450,    2.680,   -0.557,      NaN
 224, 14BF13,  1739661,          GJ4248  ,                 , 22:02:29.35, -37:04:51.2, 2.006, 390, 2014-09-09,  7:49:00.56, 330, 263, 10.98, 2711, -,    nulle, M2,   -0.2546508,  -13.5196584,    9.3394611,   15.7010000,    3.3430000,    1.2250000,    0.9110000,   -0.063, 3206.649,    0.417,    0.033,  -13.470,    2.310,   -0.224,      NaN
 225, 15AF04,  1822253,          GJ4248  ,                 , 22:02:30.48, -37:04:54.8, 1.980, 390, 2015-07-23, 11:04:45.92, 307, 237, 11.11, 2732, -, marginal, M2,   -0.2554897,  -13.4903839,    9.3924652,   23.1450000,    3.7090000,    1.5620000,    0.9989000,   -0.053, 3282.052,    0.413,    0.032,  -13.530,    2.160,   -0.161,      NaN
 226, 16BF27,  2007775, J22245593+5200190,                 , 22:24:56.18,  52:00:26.4, 1.219, 498, 2016-10-12,  8:30:04.72, 100,  77, 14.10, 2434, -,    nulle, M2,   -0.2551341,   11.5813059,   12.3853063,   47.0780000,   14.3510000,    0.8690000,    0.2448000,   -0.266, 3196.706,    0.245,    0.019,   11.200,    2.310,    0.466, ********
 227, 16BF27,  2007763, J22270871+7751579,                 , 22:27:08.99,  77:52:02.0, 1.899, 353, 2016-10-12,  6:55:04.65,  74,  59, 14.42, 2317, -,    nulle, M2,   -0.2858500,  -49.5101276,   10.6743829,   89.3270000,   21.5770000,    1.2860000,    0.9523000,   -0.077, 3482.573,    0.137,    0.029,  -49.730,    1.990,    0.068,      NaN
 228, 16BF27,  2008633, J22270871+7751579,                 , 22:27:08.99,  77:52:02.0, 1.928, ***, 2016-10-16,  8:19:30.97, 128, 100, 14.59, 2374, -,    nulle, M2,   -0.2369947,  -49.6329473,   10.3121232,   59.7480000,   11.8740000,    1.2600000,    0.9373000,    0.020, 2963.041,    0.258,    0.020,  -49.780,    2.060,    0.044,      NaN
 229, 16AF25,  1939968, J22465311-0707272,                 , 22:46:53.48,  -7:07:26.7, 1.166, 240, 2016-06-14, 14:33:37.14, 126, 103, 11.56, 3677, -,    nulle, M2,   -0.3612156,  -20.6639456,   10.8568102,   35.5410000,    7.0280000,    1.2720000,    0.9446000,    0.648, 3894.387,    3.038,    0.162,  -20.060,    4.130,   -0.583,      NaN
 230, 16BC27,  2007771, J22523963+7504190,                 , 22:52:39.83,  75:04:16.5, 1.762, 151, 2016-10-12,  8:13:37.04,  87,  68, 13.06, 2437, -,    nulle, M2,   -0.2838449,  -20.8330642,    9.1710323,   72.8880000,   18.2070000,    1.1560000,    0.8361000,    0.168, 3320.996,    0.288,    0.036,  -20.930,    1.920,    0.045,      NaN
 231, 16BC27,  1976108, J22524980+6629578,                 , 22:52:49.80,  66:29:57.7, 1.534, 463, 2016-08-11, 10:16:38.95, 171, 134, 13.64, 1966, -,    nulle, M2,   -0.4650067,   -8.3028775,   13.8719547,   35.7910000,    9.0000000,    1.2060000,    0.9137000,    1.158, 3116.332,    0.363,    0.018,   -8.550,    5.470,   -1.151,      NaN
 232, 16BC27,  2009196, J22524980+6629578,                 , 22:52:49.80,  66:29:57.7, 1.461, 900, 2016-10-19,  7:10:34.42, 263, 206, 13.45, 1992, -,    nulle, M2,   -0.4419334,   -7.6399045,   13.5971974,   24.3580000,    5.3440000,    1.0890000,    0.7414000,    1.207, 3087.331,    0.532,    0.029,   -7.870,    5.210,   -1.121,      NaN
 233, 14BB07,  1732800,          GL876   ,                 , 22:53:16.73, -14:15:49.4, 1.565, 120, 2014-08-14,  9:14:30.77, 273, 223, 10.26, 2600, -,    nulle, M2,   -0.2613883,   -1.2818090,    9.1097924,   18.9100000,    4.2150000,    1.1570000,    0.8369000,    0.174, 3138.704,    0.406,    0.054,   -1.240,    1.700,   -0.152,      NaN
 234, 14BB07,  1737545,          GL876   ,                 , 22:53:16.73, -14:15:49.2, 1.601, 120, 2014-09-03, 13:02:13.58, 382, 305,  9.56, 2601, -,    nulle, M2,   -0.2561010,   -1.6030699,    9.1325538,   11.3780000,    2.9540000,    1.0260000,    0.6041000,    0.144, 3123.789,    0.411,    0.033,   -1.600,    1.700,    0.035,      NaN
 235, 15AF04,  1823545,         HIP113221,                 , 22:55:42.97, -30:22:55.8, 1.702, 120, 2015-07-28, 14:18:37.36, 115,  90, 11.11, 3477, -, marginal, M2,   -0.3431852,  -12.6157264,   10.0834552,   62.4160000,    9.0510000,    1.6040000,    0.9993000,    0.299, 3984.704,    0.683,    0.060,  -12.200,    2.680,   -0.514,      NaN
 236, 15AF04,  1816747,         HIP113221,                 , 22:55:42.98, -30:22:55.5, 1.559, 120, 2015-06-26, 14:58:36.39, 117,  94, 11.04, 3528, -,    nulle, M2,   -0.3360187,  -12.3418647,   10.0231886,   43.0840000,    8.7170000,    1.3990000,    0.9878000,    0.358, 3915.931,    0.699,    0.069,  -11.910,    2.530,   -0.508,      NaN
 237, 14BF13,  1733776,          GJ4333  ,                 , 23:21:37.45,  17:17:25.4, 1.367, 390, 2014-08-17, 15:02:22.23, 304, 246, 11.30, 2627, -,    nulle, M2,   -0.2516142,   -6.2998907,    8.9146371,   15.1130000,    3.8320000,    1.1630000,    0.8453000,    0.196, 3069.930,    0.385,    0.042,   -6.280,    2.050,   -0.210,      NaN
 238, 14BF13,  1755711,          GJ4333  ,                 , 23:21:37.45,  17:17:25.4, 1.183, 390, 2014-11-10,  8:42:53.38, 382, 301, 10.92, 2573, -,    nulle, M2,   -0.2528235,   -6.3111212,    9.0058294,   15.1690000,    3.1000000,    1.3590000,    0.9794000,    0.191, 3121.303,    0.501,    0.031,   -6.360,    2.010,    0.044,      NaN
 239, 15AF04,  1822309,          GJ4352  ,                 , 23:38:08.11, -16:14:11.0, 1.255, 300, 2015-07-23, 14:34:41.09, 282, 221, 10.53, 3199, -,    nulle, M2,   -0.2769184,   20.7902797,    9.5180469,    8.3790000,    3.2610000,    0.6990000,    0.0458000,   -0.233, 3491.687,    0.436,    0.055,   20.770,    2.640,   -0.340,      NaN
 240, 15AF04,  1823781,          GJ4352  ,                 , 23:38:08.11, -16:14:11.0, 1.262, 300, 2015-07-29, 14:17:59.66, 286, 222, 10.51, 3195, -,    nulle, M2,   -0.2770279,   20.7820463,    9.5087776,   13.4070000,    3.2690000,    1.0770000,    0.7076000,   -0.216, 3484.230,    0.399,    0.053,   20.700,    2.690,   -0.344,      NaN
 241, 16BF27,  1975667, J23415498+4410407,                 , 23:41:55.11,  44:10:14.2, 1.204, 134, 2016-08-09, 14:43:24.32, 195, 155, 12.39, 2032, -,    nulle, M2,   -0.2429929,  -77.5022365,   10.2728995,   28.1780000,    7.6890000,    1.0260000,    0.6038000,    0.044, 3075.730,    0.205,    0.021,  -77.640,    1.820,    0.586, ********
 242, 16BF27,  2005402, J23415498+4410407,                 , 23:41:55.11,  44:10:14.1, 1.536, 130, 2016-09-20, 13:33:21.21, 202, 159, 11.78, 2078, -, marginal, M2,   -0.2386993,  -77.5527992,   10.2314152,   40.2680000,    7.2900000,    1.5510000,    0.9990000,    0.070, 3039.272,    0.138,    0.027,  -77.780,    1.860,    0.099,      NaN
 243, 14BF13,  1738738,          GJ1289  ,                 , 23:43:06.29,  36:32:13.2, 1.052, 900, 2014-09-06, 11:34:27.51, 391, 295, 11.94, 2461, -, definite, M2,   -0.2323332,   -2.5567811,   11.1408041,  113.2830000,    3.2130000,   10.5380000,    1.0000000,   -0.064, 3093.959,    0.422,    0.028,   -2.580,    2.540,    0.892, ********
 244, 16BF15,  1974978,          GJ1289  ,                 , 23:43:07.32,  36:32:10.6, 1.078, 600, 2016-08-06, 11:59:26.19, 270, 213, 12.24, 2476, -, definite, M2,   -0.2327612,   -2.4424504,   11.1554579,   75.2350000,    4.5550000,    5.0870000,    1.0000000,   -0.069, 3133.732,    0.366,    0.027,   -2.430,    2.440,    0.971, ********
 245, 16BF15,  1975445,          GJ1289  ,                 , 23:43:07.32,  36:32:10.9, 1.207, 461, 2016-08-08, 10:40:29.67, 239, 191, 12.19, 2488, -, definite, M2,   -0.2348112,   -2.4775758,   11.1584646,   78.7830000,    5.1520000,    4.7810000,    1.0000000,      NaN,      NaN,    0.449,    0.021,   -2.430,    2.500,    1.317, ********
 246, 16BF15,  1975895,          GJ1289  ,                 , 23:43:07.32,  36:32:10.9, 1.160, 388, 2016-08-10, 14:44:06.92, 241, 194, 11.98, 2519, -, definite, M2,   -0.2333623,   -2.4357734,   11.1403391,   84.9790000,    5.0910000,    5.2040000,    1.0000000,   -0.035, 3121.303,    0.364,    0.019,   -2.420,    2.500,    0.794, ********
 247, 16BF15,  1976395,          GJ1289  ,                 , 23:43:07.32,  36:32:10.9, 1.211, 429, 2016-08-12, 14:57:18.11, 243, 187, 12.03, 2536, -, definite, M2,   -0.2276474,   -2.4712102,   11.0747686,   78.6970000,    5.1420000,    4.6380000,    1.0000000,      NaN,      NaN,    0.439,    0.024,   -2.360,    2.390,    2.221, ********
 248, 16BF15,  1976642,          GJ1289  ,                 , 23:43:07.32,  36:32:10.9, 1.048, 410, 2016-08-13, 12:14:18.60, 239, 186, 12.04, 2515, -, definite, M2,   -0.2331912,   -2.4600586,   11.0566360,   85.6070000,    5.1180000,    4.9770000,    1.0000000,      NaN,      NaN,    0.396,    0.022,   -2.410,    2.500,    2.220, ********
 249, 16BF15,  1977047,          GJ1289  ,                 , 23:43:07.32,  36:32:10.9, 1.099, 600, 2016-08-15, 11:07:07.95, 290, 228, 12.06, 2507, -, definite, M2,   -0.2312091,   -2.4470525,   11.0856258,   72.1950000,    4.1600000,    5.4310000,    1.0000000,   -0.046, 3120.475,    0.364,    0.020,   -2.420,    2.440,    1.188, ********
 250, 16BF15,  2004623,          GJ1289  ,                 , 23:43:07.33,  36:32:10.9, 1.296, 535, 2016-09-14, 13:14:29.64, 238, 189, 12.37, 2475, -,    nulle, M2,   -0.2433401,   -2.5635509,   10.7053042,   29.0240000,    5.3040000,    1.3780000,    0.9861000,   -0.080, 3204.992,    0.354,    0.031,   -2.580,    2.500,    0.630, ********
 251, 16BF15,  2004912,          GJ1289  ,                 , 23:43:07.33,  36:32:09.5, 1.045, 535, 2016-09-18, 10:07:55.03, 253, 197, 12.19, 2538, -, definite, M2,   -0.2355004,   -2.5644970,   10.8301754,   33.2750000,    4.9640000,    1.8490000,    1.0000000,   -0.028, 3159.419,    0.294,    0.024,   -2.630,    2.500,    0.603, ********
 252, 16BF15,  2005124,          GJ1289  ,                 , 23:43:07.33,  36:32:10.9, 1.062, 382, 2016-09-19,  9:24:47.42, 247, 194, 11.86, 2546, -, definite, M2,   -0.2359832,   -2.5994389,   10.7428995,   32.8450000,    4.8490000,    1.8480000,    1.0000000,   -0.016, 3168.533,    0.335,    0.016,   -2.610,    2.500,   -0.065,      NaN
 253, 16BF15,  2005350,          GJ1289  ,                 , 23:43:07.33,  36:32:10.9, 1.283, 382, 2016-09-20,  7:26:39.36, 243, 195, 11.93, 2526, -, definite, M2,   -0.2375124,   -2.5918517,   10.6994673,   34.8780000,    5.0340000,    2.1250000,    1.0000000,   -0.023, 3166.048,    0.338,    0.018,   -2.650,    2.520,    0.854, ********
 254, 16BF15,  2005486,          GJ1289  ,                 , 23:43:07.33,  36:32:10.9, 1.526, 380, 2016-09-21,  6:31:02.00, 247, 194, 11.87, 2521, -, definite, M2,   -0.2395828,   -2.5393233,   10.7476974,   33.5880000,    4.9680000,    1.9910000,    1.0000000,   -0.077, 3181.791,    0.295,    0.019,   -2.530,    2.500,    0.486, ********
 255, 16BF15,  2005762,          GJ1289  ,                 , 23:43:07.33,  36:32:10.9, 1.046, 384, 2016-09-22,  9:44:35.54, 245, 194, 11.90, 2521, -, definite, M2,   -0.2320865,   -2.6858976,   10.6382798,   30.9020000,    5.2150000,    1.7930000,    1.0000000,      NaN,      NaN,    0.365,    0.038,   -2.640,    2.310,    3.146, ********
 256, 16BF15,  2008886,          GJ1289  ,                 , 23:43:07.33,  36:32:10.9, 1.234, 535, 2016-10-17, 10:45:50.48, 195, 155, 12.77, 2486, -, marginal, M2,   -0.2417717,   -2.5259941,   11.1591576,   39.7820000,    6.7700000,    1.6390000,    0.9998000,   -0.002, 3113.846,    0.372,    0.022,   -2.530,    2.500,    0.904, ********
 257, 16BF15,  2008890,          GJ1289  ,                 , 23:43:07.33,  36:32:10.9, 1.386, 535, 2016-10-17, 11:26:34.25, 201, 157, 12.76, 2450, -, marginal, M2,   -0.2431096,   -2.4666581,   11.0802619,   46.2060000,    6.7470000,    1.6240000,    0.9997000,   -0.067, 3171.019,    0.317,    0.026,   -2.510,    2.500,    0.785, ********
 258, 16BF15,  2009204,          GJ1289  ,                 , 23:43:07.33,  36:32:10.9, 1.064, 535, 2016-10-19,  9:01:58.16, 147,  90, 13.30, 2546, -,    nulle, M2,   -0.2435863,   -2.5135007,   11.2929962,   45.3980000,   12.4530000,    1.1600000,    0.8462000,    0.005, 3222.392,    0.358,    0.018,   -2.510,    2.450,    0.778, ********
 259, 16BF15,  2009208,          GJ1289  ,                 , 23:43:07.33,  36:32:10.9, 1.112, 535, 2016-10-19,  9:43:02.05, 196, 141, 12.72, 2536, -, marginal, M2,   -0.2362028,   -2.5256332,   11.1016577,   37.5300000,    7.5420000,    1.5390000,    0.9984000,   -0.041, 3132.904,    0.333,    0.021,   -2.530,    2.500,    0.941, ********
 260, 16BF15,  2009393,          GJ1289  ,                 , 23:43:07.33,  36:32:10.9, 1.344, 424, 2016-10-20, 11:05:13.64, 249, 197, 12.11, 2490, -, definite, M2,   -0.2367900,   -2.5031982,   11.0623884,   37.3590000,    4.9730000,    2.0270000,    1.0000000,   -0.069, 3143.675,    0.350,    0.018,   -2.500,    2.500,    0.877, ********
 261, 16BF15,  2009542,          GJ1289  ,                 , 23:43:07.33,  36:32:10.9, 1.045, 394, 2016-10-21,  8:04:28.73, 248, 202, 11.92, 2505, -, definite, M2,   -0.2348627,   -2.5114710,   11.0798012,   45.3370000,    4.9740000,    2.3570000,    1.0000000,   -0.056, 3114.674,    0.339,    0.019,   -2.460,    2.500,    0.790, ********
 262, 15AF04,  1823013,          GJ1289  ,                 , 23:43:07.47,  36:32:11.1, 1.054, 900, 2015-07-26, 14:23:52.75, 390, 299, 11.82, 2547, -, definite, M2,   -0.2284474,   -2.4918531,   10.7131639,   36.2560000,    3.2340000,    3.1530000,    1.0000000,   -0.038, 3096.445,    0.295,    0.026,   -2.420,    2.470,    0.873, ********
 263, 15AF04,  1822305,          GJ4383  ,                 , 23:58:32.92,   7:39:24.8, 1.024, 360, 2015-07-23, 14:04:23.13, 290, 226, 10.94, 2970, -,    nulle, M2,   -0.2663799,   -8.8360092,    9.5846240,   10.1470000,    3.5060000,    0.8440000,    0.2261000,    0.080, 3334.253,    0.338,    0.032,   -8.780,    2.210,   -0.339,      NaN
 264, 15AF04,  1823549,          GJ4383  ,                 , 23:58:32.93,   7:39:24.8, 1.034, 360, 2015-07-28, 14:32:21.15, 251, 194, 11.28, 2922, -,    nulle, M2,   -0.2715901,   -8.8790397,    9.6317800,   18.0780000,    4.2600000,    1.2260000,    0.9054000,    0.052, 3354.968,    0.303,    0.027,   -8.850,    2.200,   -0.344,      NaN
